0 551.4236831665039 494.33955430984497 66.35772705078125 136.62902355194092
0 880.4231119155884 500.4176115989685 143.52459907531738 145.28659343719482
0 125.78656673431396 288.5065394639969 54.76401329040527 61.54559254646301
0 727.0771026611328 337.9369157552719 81.33056640625 129.95031237602234
0 198.1403613090515 285.7086709141731 62.32499599456787 49.75832998752594
0 431.61206245422363 377.83042430877686 93.50976943969727 143.95986557006836
0 471.2909698486328 312.3484566807747 62.04132080078125 54.038148522377014
0 312.47681617736816 305.33302903175354 80.39209365844727 80.01010179519653
0 1225.980315208435 588.0192285776138 108.03942680358887 138.5656750202179
0 1214.683928489685 639.4481509923935 130.63220024108887 160.25275111198425
0 371.39565229415894 277.1325731277466 58.27340602874756 49.62455749511719
0 756.4179086685181 278.74033212661743 40.02850532531738 48.20847988128662
0 813.8125610351562 290.08978977799416 33.38226318359375 39.812224209308624
0 792.7332150936127 273.6666950583458 29.595458507537842 36.6446989774704
0 789.7858273983002 262.4880753457546 35.92999219894409 43.16845625638962
