0 487.32260942459106 466.1916160583496 56.92556858062744 123.19107055664062
0 674.7781991958618 399.7061240673065 49.94732856750488 100.87768793106079
0 16.93408727645874 479.7332230210304 33.86817455291748 77.38720715045929
0 584.4464421272278 402.9033440351486 50.275330543518066 107.34954714775085
0 193.7079381942749 488.41039180755615 61.05822563171387 124.2279052734375
0 411.8516230583191 328.8166058063507 49.88839626312256 43.65750074386597
0 333.6531603336334 364.2907190322876 31.136810779571533 51.29769802093506
0 174.86699104309082 393.3041712641716 54.66827392578125 60.92343270778656
0 151.53757095336914 450.1967239379883 84.60020065307617 124.26721572875977
0 288.8368558883667 385.8271649479866 40.67217826843262 41.261778473854065
0 486.3866424560547 412.23477602005005 44.622039794921875 61.96816921234131
0 551.5583956241608 354.7015616297722 33.11694383621216 56.017393469810486
0 508.96037340164185 370.8916997909546 37.18374729156494 40.24588108062744
0 166.6270112991333 478.8317620754242 112.43573188781738 100.79559087753296
0 403.5471189022064 341.7092630267143 34.44439649581909 45.94610631465912
0 317.50285387039185 364.8132401704788 42.39920139312744 46.46685719490051
0 523.5104674100876 349.23989474773407 19.89813208580017 26.60711646080017
