0 496.1184000968933 397.74878203868866 70.04174709320068 137.07898020744324
0 583.1566309928894 446.88484489917755 50.817198753356934 129.78420853614807
0 1239.5428466796875 267.4485057592392 43.09326171875 78.59849810600281
0 1200.9356546401978 328.4158569574356 51.53393745422363 105.26401162147522
0 474.3411099910736 234.92626547813416 37.81811475753784 54.2469048500061
0 393.72541785240173 236.23837530612946 25.263946056365967 59.00976777076721
0 57.585608959198 227.26983547210693 25.96245288848877 53.91789436340332
0 672.8576350212097 418.4532308578491 57.779479026794434 162.2587537765503
0 613.7546849250793 285.49371868371964 71.32421970367432 71.10397160053253
0 700.5731964111328 364.8204445838928 69.9798583984375 150.51514148712158
0 599.0286707878113 222.08498865365982 54.382262229919434 53.035109639167786
0 145.67718863487244 210.6568068265915 28.566176891326904 42.10492014884949
0 89.96256828308105 234.0832418203354 37.20085144042969 60.8098304271698
0 595.2485513687134 273.7843233346939 40.54730415344238 57.610427141189575
0 122.2370457649231 211.15061357617378 41.51815891265869 44.17863517999649
0 335.9886860847473 216.58310741186142 39.93307590484619 47.77153193950653
0 90.31745791435242 213.51053103804588 33.94314527511597 31.32219046354294
0 81.57766222953796 200.98836600780487 21.951758861541748 23.7144935131073
