0 639.3812704086304 403.77162873744965 58.63970756530762 165.73522925376892
0 530.3326797485352 372.5702154636383 67.54364013671875 122.81854391098022
0 726.9816279411316 345.1164972782135 44.146056175231934 115.7749342918396
0 437.2716522216797 234.37139689922333 30.718994140625 62.10874915122986
0 513.7728726863861 236.32048040628433 33.45486402511597 59.66171085834503
0 379.63420152664185 215.77968388795853 37.007508277893066 49.25592005252838
0 557.1529150009155 420.37125170230865 46.42046928405762 124.78615880012512
0 658.4932553768158 224.8872734606266 31.609618663787842 39.86726313829422
0 626.2854540348053 219.93803054094315 24.877197742462158 46.11267149448395
0 129.45268630981445 222.4201574921608 25.072288513183594 52.67071545124054
0 667.489287853241 283.5545888543129 39.221434593200684 52.993653416633606
0 224.9807322025299 203.30058440566063 23.27937364578247 42.38636702299118
0 701.1013174057007 289.13893193006516 44.35473442077637 78.16445767879486
0 167.12409615516663 237.6815888285637 31.041061878204346 43.45860421657562
0 162.48576402664185 220.63892930746078 37.007813453674316 41.13673388957977
0 182.75070905685425 207.6323452591896 37.45645046234131 28.969085812568665
0 676.9871824979782 252.04324901103973 17.86291480064392 29.574798345565796
0 191.32344841957092 202.8558138012886 21.17457628250122 33.607268929481506
