0 613.5829448699951 482.3451769351959 86.72155380249023 153.37130784988403
0 391.41029357910156 451.00120425224304 54.842987060546875 140.6109881401062
0 1056.53311252594 620.7383751869202 132.95849800109863 198.51166248321533
0 201.07964038848877 305.7927703857422 58.01732063293457 73.75534057617188
0 972.9537963867188 613.3472692966461 146.1614990234375 212.73490190505981
0 820.4682922363281 663.5889762639999 84.12994384765625 112.8165328502655
0 878.8948059082031 264.68653321266174 44.1278076171875 64.14837598800659
0 744.2114567756653 337.8953441977501 39.625000953674316 82.23431289196014
0 732.8410792350769 277.72039264440536 38.800597190856934 47.79560744762421
0 328.73942613601685 370.8800321817398 51.00119113922119 103.99041295051575
0 273.2104563713074 277.7297294139862 36.64384365081787 47.08111524581909
0 817.462249994278 281.6269536316395 37.49438524246216 40.24975687265396
0 138.4600305557251 266.7147821187973 42.50466346740723 39.569138288497925
0 83.66572380065918 272.4388039112091 51.21776580810547 62.018187046051025
0 357.1547555923462 304.82053130865097 59.44180488586426 60.38915812969208
0 321.3199806213379 320.4722884297371 64.052734375 63.779416680336
0 336.83261156082153 267.74282187223434 33.34585666656494 24.933380484580994
0 811.7905879020691 264.28890645504 40.163512229919434 43.76385569572449
0 316.7852210998535 249.33016911149025 18.67431640625 25.05870133638382
