0 141.11281871795654 569.348269701004 123.2969856262207 157.74026155471802
0 432.8119969367981 531.8393844366074 59.842591285705566 175.6836497783661
0 183.54495525360107 429.02685821056366 45.503339767456055 92.38269209861755
0 275.5309820175171 613.1012892723083 94.46841239929199 209.28049564361572
0 243.14109325408936 432.2862035036087 60.352582931518555 114.47836518287659
0 40.578371435403824 469.5395278930664 78.44088077545166 132.07403182983398
0 90.32100915908813 505.905636548996 79.746994972229 169.54210996627808
0 301.8929362297058 491.2035423517227 61.986937522888184 106.10880017280579
0 360.5895948410034 559.2526173591614 86.61700248718262 185.0066328048706
0 113.12560319900513 420.4984447360039 51.237778663635254 43.63897740840912
0 333.40452671051025 556.551353931427 72.77035713195801 187.38912105560303
0 66.57967209815979 420.90212121605873 25.44133424758911 33.64831477403641
0 364.1017460823059 451.38095274567604 24.93887424468994 39.691589176654816
