0 967.5218820571899 400.6178820133209 79.97754096984863 158.74014616012573
0 686.1221313476562 409.96201157569885 83.8714599609375 178.13891172409058
0 1083.2211303710938 334.46965634822845 49.0521240234375 138.47930788993835
0 772.3787546157837 416.33748292922974 91.96362495422363 168.30758571624756
0 836.45751953125 365.67959904670715 55.33538818359375 107.07080125808716
0 744.0951228141785 251.55585408210754 26.930785179138184 63.0431342124939
0 869.7307133674622 242.45002537965775 44.170594215393066 69.44441378116608
0 898.3408665657043 239.59554076194763 46.440491676330566 68.97506475448608
0 674.1453862190247 263.6853450536728 35.587525367736816 82.43302702903748
0 1041.0599970817566 346.56642973423004 43.457884788513184 94.30334687232971
0 596.2923359870911 215.0792732834816 20.611023902893066 34.35603439807892
0 644.90483045578 238.39052885770798 38.281798362731934 56.352004408836365
0 712.5329285860062 227.93582394719124 18.52960228919983 44.456147253513336
0 1071.2239980697632 287.12691709399223 50.89404106140137 43.90377849340439
0 477.82583594322205 226.40548020601273 36.72863721847534 52.108245491981506
0 637.5065922737122 206.02132603526115 23.764405250549316 29.438324868679047
0 558.2612073421478 212.7203992009163 24.331481456756592 46.2536484003067
0 532.371711730957 214.46314841508865 38.9556884765625 47.96528398990631
0 498.1407856941223 224.6726605296135 36.933045387268066 49.595627188682556
