0 25.259404182434082 489.57818537950516 50.518808364868164 87.45516836643219
0 732.5069737434387 377.83542931079865 35.013489723205566 93.03421139717102
0 543.8735508918762 427.73418366909027 55.521607398986816 107.14956164360046
0 417.79416680336 325.874842107296 27.377197742462158 61.60314738750458
0 373.5182499885559 340.10990738868713 39.67428684234619 69.83834981918335
0 196.51118516921997 472.44410812854767 74.55999851226807 109.35925126075745
0 320.8181691169739 382.70689487457275 68.05212497711182 95.31673908233643
0 163.3907175064087 444.43791925907135 78.71064186096191 118.04638981819153
0 641.429351568222 384.86846029758453 33.81451368331909 98.62213253974915
0 565.3990316390991 351.420576274395 47.08727836608887 65.5333560705185
0 232.2840929031372 389.9152860045433 65.32505989074707 76.19384944438934
0 609.806877374649 341.60796269774437 29.039185047149658 40.784852206707
0 348.5434341430664 354.89993646740913 40.650482177734375 42.40228325128555
0 221.78083896636963 410.6160628795624 54.536027908325195 74.68881368637085
