0 934.0787196159363 475.3715354204178 74.62243556976318 127.64685273170471
0 988.7925720214844 426.1591824889183 96.57501220703125 87.73910701274872
0 1110.1020956039429 506.1379534006119 84.58239555358887 149.5497715473175
0 88.98885250091553 406.5984731912613 43.81736755371094 101.08083844184875
0 753.2419443130493 336.32090628147125 41.20160102844238 66.28164410591125
0 15.850015878677368 412.35461711883545 31.700031757354736 95.40432929992676
0 696.8470764160156 381.6796651482582 34.58282470703125 57.51748859882355
0 555.0540018081665 323.2312139868736 48.81451606750488 54.51370418071747
0 1206.9123840332031 465.1898056268692 102.4749755859375 91.50582432746887
0 334.5593309402466 452.96256959438324 105.26013374328613 152.62746691703796
0 418.015296459198 424.8897922039032 58.160948753356934 170.43612241744995
0 1216.5581798553467 516.8690210580826 124.11779403686523 125.51846623420715
0 593.2676160335541 364.6137723326683 34.58233594894409 50.44464290142059
0 662.3208010196686 366.495079100132 33.15997362136841 56.15518391132355
0 595.0593876838684 324.6608716249466 41.175904273986816 43.45840573310852
0 622.9831767082214 364.94515120983124 39.653258323669434 60.451658964157104
0 707.7154088020325 331.98011577129364 34.122681617736816 44.88815188407898
0 654.1593623161316 354.5656889677048 47.556395530700684 64.03732180595398
0 684.8838353157043 312.2327609360218 23.037476539611816 31.82324320077896
