0 1023.8199138641357 544.0765392780304 86.68584823608398 264.8911213874817
0 555.756630897522 527.3733294010162 111.15811347961426 247.14287996292114
0 1103.5355520248413 401.9522166252136 59.43896293640137 177.110595703125
0 699.3730401992798 527.8067851066589 126.34106636047363 253.71761798858643
0 1164.8154306411743 413.6976420879364 66.79883003234863 188.77590894699097
0 413.2054901123047 257.62097239494324 52.708587646484375 68.54887247085571
0 785.9150695800781 459.9401271343231 57.40631103515625 194.09749746322632
0 692.4640035629272 281.8582981824875 43.28082084655762 91.33748888969421
0 560.4105448722839 233.1728732585907 21.847472190856934 55.79713582992554
0 840.6330561637878 281.337166428566 45.385985374450684 99.14681553840637
0 809.0073084831238 280.03782123327255 34.547057151794434 87.26648032665253
0 611.3334202766418 226.10302090644836 33.264832496643066 46.985628604888916
0 623.1166076660156 299.4370937347412 52.28912353515625 108.99643421173096
0 478.8395833969116 253.54448676109314 50.60336112976074 57.09789991378784
0 593.5131454467773 277.31165885925293 43.73687744140625 55.22578239440918
0 514.2585146427155 235.8087658882141 30.378754138946533 53.03950309753418
0 625.0076746940613 258.3057028055191 46.382079124450684 53.1458580493927
0 618.404860496521 240.62854662537575 40.50036430358887 39.383757412433624
0 610.425910949707 250.46604841947556 45.5389404296875 49.22831475734711
