0 882.3578500747681 376.38658583164215 68.79742622375488 132.84231305122375
0 1000.4312288761139 312.8969871997833 35.38775682449341 108.74179601669312
0 703.210723400116 242.78551071882248 27.218871116638184 60.31025826931
0 661.6921854019165 384.974268078804 91.03772163391113 145.64035534858704
0 840.1638174057007 231.00363671779633 63.94335746765137 68.86971831321716
0 968.3802795410156 310.1210081577301 46.08551025390625 106.65490865707397
0 633.2018280029297 259.9183514714241 28.16192626953125 60.29396116733551
0 595.6530606746674 225.6260034441948 30.625731945037842 56.93934381008148
0 771.054413318634 339.86805260181427 62.605957984924316 93.58786225318909
0 732.4491596221924 403.04523825645447 108.96509170532227 175.72372198104858
0 568.5230028629303 204.08624231815338 23.226807117462158 33.382827043533325
0 657.3998719453812 230.210939347744 18.92907738685608 46.59007251262665
0 417.49844312667847 226.68877378106117 45.620360374450684 40.15518218278885
0 534.2269515991211 206.10745444893837 18.84857177734375 31.890502274036407
0 499.10122632980347 210.34721687436104 21.648192405700684 36.21080070734024
0 477.1425175666809 208.11675757169724 25.711426734924316 43.16999852657318
0 462.89273023605347 215.79373195767403 32.10397243499756 35.96682697534561
0 649.5194244384766 229.3962626159191 29.493408203125 41.98908895254135
0 576.7512893676758 183.77908363938332 16.9305419921875 17.74502545595169
0 450.25291442871094 216.9081361591816 34.07196044921875 37.74523884057999
