0 27.474806308746338 484.2529624700546 54.949612617492676 84.40872073173523
0 197.98272371292114 492.45656311511993 69.07644748687744 132.9097330570221
0 333.9230418205261 361.677662730217 40.608763694763184 75.36126494407654
0 256.45439863204956 381.32014721632004 46.419386863708496 74.85958993434906
0 164.72487926483154 433.55718433856964 62.014875411987305 103.8761293888092
0 779.8309636116028 371.3613438606262 39.750123023986816 92.31039047241211
0 387.94944047927856 333.61668303608894 31.25051975250244 38.22256475687027
0 604.940459728241 421.2627160549164 47.717833518981934 97.19525098800659
0 424.3205487728119 314.77779507637024 29.125182628631592 42.45059251785278
0 676.2009274959564 385.3995752334595 29.470031261444092 79.14022922515869
0 600.6090545654297 338.62291753292084 37.388916015625 59.95019316673279
0 640.4296112060547 340.63382998108864 26.97479248046875 35.263884365558624
0 576.3802492618561 397.47520208358765 33.31408739089966 69.06027317047119
0 693.1630396842957 330.3860065340996 24.977049827575684 47.89184510707855
0 688.2867431640625 342.09456101059914 32.86163330078125 40.040190517902374
0 397.610000371933 305.22397108376026 19.052245616912842 21.15808144211769
