0 631.4582371711731 388.60114574432373 64.89264011383057 180.01944065093994
0 546.6956853866577 392.1591281890869 67.10253715515137 156.13464832305908
0 462.5541913509369 234.69545602798462 29.793365001678467 65.64721584320068
0 533.0923461914062 233.61347168684006 44.652099609375 58.1503289937973
0 405.16271233558655 212.76685237884521 33.70761156082153 43.493971824645996
0 680.9562230110168 217.60649621486664 34.086060523986816 56.995943784713745
0 738.0367279052734 280.0923451781273 39.1009521484375 67.76853740215302
0 650.1716160774231 223.85221034288406 26.603760719299316 49.35338079929352
0 705.1480865478516 287.28344678878784 37.85125732421875 66.95776462554932
0 199.7883379459381 219.90125879645348 34.28286790847778 40.207962691783905
0 167.24382996559143 219.7079372406006 23.721725940704346 50.338454246520996
0 210.39196729660034 212.44013786315918 40.37705898284912 38.083205223083496
0 220.32326459884644 207.6905880868435 31.35232448577881 32.39108294248581
0 196.69744849205017 209.5293563604355 29.428832530975342 34.41818118095398
0 715.558517575264 251.10229656100273 18.64343285560608 29.041336476802826
0 245.848548412323 202.23563209176064 20.33647060394287 33.3793643116951
