0 944.9184894561768 497.8132027387619 116.04211807250977 144.1182553768158
0 641.2296009063721 531.7032569646835 103.56897354125977 179.05542254447937
0 756.1661076545715 366.2767285108566 48.355469703674316 79.84042525291443
0 158.74406099319458 288.86213332414627 59.528870582580566 58.92569124698639
0 492.1653985977173 419.6164673566818 69.03027534484863 114.22952055931091
0 509.27127838134766 307.5998443365097 60.33721923828125 50.44448733329773
0 1252.5022435188293 640.5444341897964 54.995484352111816 156.32825016975403
0 707.2128915786743 309.8186105489731 48.42968940734863 71.37048125267029
0 229.19455289840698 284.88927617669106 51.91842555999756 40.041199028491974
0 399.474081993103 288.51834923028946 56.79369926452637 58.13049137592316
0 1239.0072631835938 549.2857164144516 81.9854736328125 74.13281321525574
0 459.48121547698975 350.5399265885353 59.75451469421387 83.10855209827423
0 751.4351344108582 285.6445178389549 51.601500511169434 53.80306899547577
0 357.72733211517334 300.8124580979347 74.64358329772949 66.20449841022491
0 801.235259771347 281.40383273363113 34.05407667160034 43.742156624794006
0 777.3101353645325 279.14088651537895 38.547730445861816 36.89724773168564
0 380.3427267074585 323.29517126083374 64.62603569030762 40.88287353515625
