0 134.5724391937256 605.1629161834717 105.79179763793945 204.5028591156006
0 452.8072667121887 526.9867372512817 65.51382541656494 175.97308158874512
0 391.01847887039185 554.0777564048767 64.66284275054932 164.70492839813232
0 244.04563426971436 427.2154498100281 45.456953048706055 103.44250202178955
0 53.1129789352417 460.29902279376984 79.00088310241699 130.1916468143463
0 210.96468448638916 413.2602918148041 43.14038276672363 93.36196660995483
0 294.9191665649414 580.450404882431 86.96273803710938 277.87588834762573
0 115.0874662399292 498.10656666755676 63.041791915893555 140.4207444190979
0 346.9053888320923 521.1779630184174 60.93258857727051 174.47402715682983
0 99.32695865631104 462.0573690533638 68.82240295410156 78.68374407291412
0 119.38355922698975 408.96045193076134 45.75116157531738 39.62203949689865
