0 944.4982767105103 477.30546712875366 78.94818305969238 132.41851329803467
0 28.740898370742798 408.2396739721298 42.29678153991699 100.23916125297546
0 1137.7116680145264 501.35484516620636 87.37524032592773 131.31585717201233
0 266.67335510253906 475.0731074810028 84.83993530273438 134.8339819908142
0 963.3431100845337 430.6795924901962 83.08331489562988 95.0897490978241
0 372.8650212287903 444.07794535160065 47.25332736968994 117.19778180122375
0 1225.21981716156 522.2111874818802 106.71740531921387 127.67612099647522
0 520.9237909317017 318.1804320216179 45.54181098937988 50.18936097621918
0 690.5614471435547 374.27332162857056 38.14422607421875 82.25970268249512
0 413.1219792366028 388.93788635730743 36.34237766265869 95.82503914833069
0 1233.8540029525757 477.7783942222595 91.43969535827637 99.0217924118042
0 733.9290928840637 330.95116406679153 51.374573707580566 56.471620202064514
0 309.2600703239441 414.39719438552856 64.77807521820068 128.54647636413574
0 569.6225130558014 348.4686630964279 36.89410448074341 89.76129412651062
0 606.3583827018738 363.38197588920593 38.965086936950684 57.6772141456604
0 249.13169384002686 409.30893927812576 47.103681564331055 76.50772154331207
0 638.5232996940613 366.89772963523865 38.562254905700684 57.90972948074341
0 688.2147836685181 321.0622000694275 59.75384712219238 72.02795505523682
0 379.6600115299225 376.5518420934677 34.40249681472778 48.679078817367554
0 576.2931060791016 325.6481873989105 47.196044921875 42.34072923660278
0 1188.567841053009 473.6997453868389 40.852417945861816 40.97592204809189
0 1197.32666015625 456.62654757499695 50.888671875 55.985963344573975
0 621.0392987728119 325.16382336616516 25.576903820037842 28.611724376678467
