0 672.801308631897 450.5385661125183 92.69635200500488 184.6539545059204
0 1030.5759119987488 449.09634232521057 73.08160305023193 193.84348154067993
0 1148.8130331039429 367.26851284503937 49.70812797546387 147.0433008670807
0 1101.6650533676147 359.25806879997253 49.79418754577637 138.99093389511108
0 691.6073751449585 270.573273897171 41.78088188171387 78.45648050308228
0 785.2540445327759 454.0206205844879 106.71277046203613 207.41198301315308
0 760.9129786491394 262.56359964609146 30.756163597106934 66.8741923570633
0 859.2758798599243 389.17818009853363 65.44415473937988 119.5066487789154
0 917.4945688247681 255.14355540275574 43.25665473937988 85.54309129714966
0 882.436615228653 255.78259706497192 35.04199266433716 76.48797512054443
0 628.3843839168549 222.19783052802086 22.289550304412842 34.29869145154953
0 665.6874990463257 253.19305837154388 44.57812309265137 54.06903147697449
0 743.9243626594543 241.8266800045967 33.425049781799316 59.03212130069733
0 672.5258326530457 213.9295819401741 32.504820823669434 32.417526841163635
0 494.4907605648041 242.55297794938087 39.96624708175659 44.82035905122757
0 584.7089385986328 222.02241271734238 28.21197509765625 42.0343941450119
0 638.7088084220886 200.62470741569996 23.658690452575684 20.530959516763687
0 559.9065554141998 231.33825436234474 35.45703172683716 41.941039860248566
0 530.0569915771484 235.29864996671677 43.82781982421875 49.24565255641937
