0 465.82860469818115 425.6504452228546 56.02908134460449 141.13421201705933
0 841.1236882209778 516.4243912696838 73.27032566070557 181.64636135101318
0 371.20349168777466 391.2842184305191 55.875916481018066 131.17629647254944
0 480.49266815185547 604.3928110599518 96.92153930664062 231.2121033668518
0 753.2786417007446 536.5828549861908 68.27160835266113 236.21616125106812
0 964.4152224063873 265.37815421819687 39.08465623855591 67.5833147764206
0 123.19947242736816 250.54823398590088 47.679786682128906 50.77928066253662
0 872.6714634895325 300.1458728313446 36.926331520080566 126.02466344833374
0 395.0319981575012 247.6110890507698 41.32864475250244 62.438140511512756
0 948.7819218635559 670.9315073490143 73.56329441070557 98.13702821731567
0 212.78672456741333 269.4148975610733 43.87503147125244 59.728299379348755
0 345.2345275878906 248.8071396946907 24.72625732421875 52.402387261390686
0 1039.7682642936707 264.42972511053085 60.490355491638184 57.20535457134247
0 161.268230676651 245.6252807378769 31.77821397781372 50.23729205131531
0 318.4668970108032 314.3463832139969 61.74420356750488 124.02574181556702
0 1024.0297544002533 239.35449466109276 29.838988780975342 31.548783481121063
0 1032.3057401180267 232.4003206193447 18.010070323944092 20.363113582134247
0 298.8638496398926 263.6663322150707 24.560394287109375 25.601607263088226
