0 593.6946868896484 423.0863606929779 60.15655517578125 113.4967303276062
0 172.7209973335266 501.1954629421234 69.10665988922119 133.70822668075562
0 257.3948335647583 410.2678906917572 69.05957221984863 90.00469923019409
0 356.50826930999756 356.7016017436981 40.73000907897949 59.603941440582275
0 154.30132627487183 440.2589303255081 79.50196743011475 96.0099184513092
0 418.32823753356934 471.88626766204834 84.81298446655273 202.99429893493652
0 507.5753927230835 433.36468756198883 75.98498344421387 100.09575963020325
0 318.7357258796692 378.44300866127014 33.69650363922119 79.7892165184021
0 131.89749479293823 427.99844831228256 52.330870628356934 58.160735964775085
0 500.5511474609375 376.04100197553635 37.3565673828125 54.43008363246918
0 137.45988845825195 406.71025425195694 63.983154296875 64.2308646440506
0 426.3730764389038 421.90816283226013 94.70263481140137 140.63180208206177
0 326.15848541259766 366.6286236047745 34.787139892578125 61.00335717201233
0 514.3504858016968 392.9032614827156 60.97369194030762 53.63143980503082
0 464.36630964279175 366.6063317656517 23.074584007263184 30.73177993297577
