0 314.76844787597656 552.8563052415848 84.35989379882812 152.4137270450592
0 517.0554041862488 445.80717623233795 45.93728542327881 108.78259778022766
0 282.8632616996765 389.1469243168831 48.32314968109131 70.02377092838287
0 96.81675434112549 453.53969514369965 68.73021125793457 107.96332240104675
0 139.9062156677246 478.1753343343735 94.81019973754883 128.79889369010925
0 324.1363596916199 451.9393014907837 78.70782375335693 113.98178100585938
0 435.7615351676941 448.1067842245102 75.43252468109131 106.16019129753113
0 374.43137407302856 428.5960954427719 53.17617893218994 94.8319137096405
0 187.68235445022583 422.1073704957962 74.03395175933838 78.53161454200745
0 346.7388963699341 371.4301800727844 56.34106636047363 53.26540946960449
0 445.47372460365295 386.2546795606613 21.912262439727783 34.75622534751892
0 343.15746784210205 397.7702960371971 50.24395942687988 68.72409045696259
