0 606.4230489730835 489.5488500595093 51.08660697937012 170.93576431274414
0 479.4786071777344 409.11420822143555 74.23538208007812 134.02114391326904
0 1157.8617858886719 323.5244143009186 56.3885498046875 100.28863191604614
0 1181.7472386360168 261.90325319767 44.673218727111816 72.56947159767151
0 372.0496368408203 236.97496354579926 28.11370849609375 60.10850787162781
0 585.2670812606812 313.4543126821518 61.23766899108887 99.18988108634949
0 729.566969871521 410.4235178232193 47.86852836608887 167.85943150520325
0 684.6500086784363 412.45241045951843 79.26324367523193 224.66717004776
0 314.4552731513977 228.33094015717506 36.63259983062744 43.78721505403519
0 578.3073043823242 224.99120503664017 58.38134765625 57.452149987220764
0 451.47300720214844 250.77466070652008 28.92974853515625 53.606382608413696
0 561.2917327880859 281.4937752485275 37.9327392578125 74.04127478599548
0 51.5289580821991 241.7275670170784 34.14429426193237 57.922545075416565
0 96.42257452011108 221.17384493350983 50.998358726501465 39.82377648353577
0 300.28770446777344 205.85880160331726 15.616912841796875 18.827025890350342
0 19.216458201408386 231.54749751091003 27.753055095672607 57.293593883514404
0 465.3742527961731 227.40895092487335 23.568787574768066 34.22371029853821
0 69.20242309570312 223.44270944595337 40.61619758605957 35.11209011077881
