0 270.8596086502075 556.0461223125458 88.3525562286377 235.13675451278687
0 477.7140808105469 495.9577578306198 64.19784545898438 159.05871748924255
0 77.55797386169434 434.4985109567642 95.93571662902832 144.40439343452454
0 361.208701133728 467.48035848140717 60.33801078796387 176.91180109977722
0 580.8925008773804 467.9759395122528 60.89373588562012 175.46133756637573
0 336.1765670776367 362.2775012254715 69.6905517578125 99.66381669044495
0 421.25263929367065 463.14826905727386 51.80795192718506 159.9567210674286
0 171.23025178909302 388.2116621732712 54.063172340393066 104.95401263237
0 542.2980880737305 475.77604472637177 40.5792236328125 158.9643895626068
0 266.3375782966614 388.649822473526 58.02320957183838 110.37305116653442
0 209.14016723632812 389.7719755768776 36.5338134765625 70.24999916553497
0 253.15950870513916 351.3440206646919 49.68518257141113 62.70752012729645
0 217.2658348083496 343.97513821721077 20.175094604492188 33.86120706796646
0 220.29295444488525 380.2472126483917 51.91258430480957 62.4088454246521
0 244.88444805145264 382.27667927742004 55.84048271179199 68.0558180809021
