0 810.8762669563293 371.12890899181366 67.28735446929932 108.75622630119324
0 649.1842341423035 238.38217914104462 27.246031761169434 58.569992780685425
0 578.1727147102356 240.7459831237793 24.181580543518066 65.28101921081543
0 661.7799234390259 377.36307084560394 144.25763130187988 179.98102068901062
0 531.5356135368347 220.92741429805756 28.690123558044434 55.02531409263611
0 908.3263850212097 300.0190633535385 38.381590843200684 103.03024649620056
0 875.844818353653 293.24436128139496 39.85339403152466 101.64953112602234
0 794.2655634880066 225.24762958288193 41.196532249450684 62.508103251457214
0 476.9954228401184 200.01075312495232 26.28042697906494 32.3799142241478
0 765.8325803279877 228.07625502347946 29.094359874725342 59.49250638484955
0 603.2684779167175 224.5337489247322 21.322569847106934 43.14752161502838
0 341.37701392173767 223.5206477344036 32.87533521652222 39.34239238500595
0 449.9421691894531 198.39971646666527 20.036468505859375 41.62461966276169
0 415.706787109375 205.12832880020142 28.136138916015625 33.78776550292969
0 424.66070532798767 184.74077358841896 17.541167736053467 16.546936333179474
0 486.5654754638672 181.70474633574486 12.70751953125 18.04019182920456
0 375.2808451652527 221.07426524162292 38.718199729919434 47.30818033218384
0 703.5148310661316 334.46059316396713 40.696349143981934 47.025877833366394
