0 233.22981595993042 325.02336144447327 75.85336208343506 85.29800176620483
0 596.3740301132202 633.0356222391129 89.76061820983887 173.9287769794464
0 278.08297634124756 677.5990954041481 74.31567192077637 84.78692829608917
0 582.835648059845 365.74796319007874 56.036438941955566 125.63748121261597
0 697.2924184799194 361.89930975437164 89.24487113952637 122.2417938709259
0 455.97058057785034 392.2139096260071 59.254393577575684 150.9651517868042
0 482.0588541030884 291.87798231840134 49.01471138000488 70.77246129512787
0 429.01310682296753 289.38417971134186 26.038756370544434 77.35487580299377
0 320.25309324264526 310.45856416225433 51.53848171234131 60.30767798423767
0 406.095175743103 653.0922961235046 60.90899467468262 133.1782865524292
0 515.8976590633392 352.18103617429733 35.70385694503784 49.93435800075531
0 383.60394954681396 302.7465748786926 44.41058158874512 83.15045356750488
0 486.83793544769287 662.8991281986237 58.95251274108887 114.05132532119751
0 1264.3158876895905 454.3928575515747 31.368286609649658 360.3507900238037
0 405.18452405929565 298.04374247789383 45.355162620544434 75.44500887393951
0 346.8516778945923 299.3027392029762 42.45785713195801 78.14389050006866
0 363.2719039916992 301.8391352891922 56.95465087890625 76.32147431373596
0 699.4026947021484 314.50841277837753 27.70477294921875 43.55737388134003
