0 777.238187789917 490.94884514808655 118.43816757202148 150.57897806167603
0 489.37127590179443 512.6088953018188 72.11047172546387 186.69479370117188
0 392.1031641960144 401.78800106048584 69.89831447601318 119.44305896759033
0 265.5800533294678 310.9666845202446 80.03076553344727 71.16638123989105
0 1191.4262247085571 590.0392591953278 152.01794624328613 146.2083077430725
0 293.4843325614929 277.2709536552429 51.40328884124756 45.934739112854004
0 424.1400671005249 302.28425055742264 52.80261039733887 53.407164216041565
0 1151.5357685089111 629.8348081111908 177.64307022094727 180.24554014205933
0 766.2242579460144 283.05860817432404 43.754820823669434 56.68118119239807
0 708.3857274055481 293.94574016332626 49.545044898986816 50.24255454540253
0 352.22733974456787 282.45351523160934 55.52020072937012 63.74073922634125
0 1073.6748361587524 679.8049548268318 73.52185249328613 79.69281256198883
0 738.7943410873413 360.7305586338043 51.12475395202637 90.22571325302124
0 111.02566719055176 287.0634654164314 65.69350242614746 60.53793489933014
0 376.734778881073 325.7193812727928 53.365111351013184 61.39715373516083
0 171.74678325653076 276.1376613378525 55.56735038757324 41.98407053947449
0 816.4541172981262 265.93148589134216 45.941834449768066 56.0047173500061
