0 936.9713115692139 564.3905067443848 146.64129257202148 195.4427433013916
0 714.2299509048462 463.1397396326065 88.01739692687988 128.82354855537415
0 1155.42724609375 538.0185502767563 113.0126953125 166.1767852306366
0 36.627585887908936 368.81336599588394 73.25517177581787 66.12325966358185
0 826.2354135513306 394.25372153520584 79.97937202453613 87.86505281925201
0 1253.2676839828491 526.7573761940002 51.47509574890137 125.83032131195068
0 619.5219564437866 370.79587519168854 73.73278617858887 78.74237179756165
0 283.08518171310425 308.67768466472626 46.778197288513184 63.068422079086304
0 524.7875738143921 321.1951330304146 63.53655815124512 71.83715879917145
0 724.5180058479309 330.99420815706253 55.089783668518066 71.74862444400787
0 353.93023014068604 313.0144330859184 44.76773262023926 59.77587640285492
0 436.98063611984253 320.6740924715996 48.052611351013184 64.62973058223724
0 476.31906032562256 317.07386791706085 45.68881034851074 68.13095211982727
0 595.6001663208008 320.8892297744751 43.109130859375 46.08489990234375
0 758.8094937801361 312.1593274176121 23.166625499725342 40.556762516498566
0 599.1596829891205 336.9652332365513 36.96453809738159 43.32415848970413
0 726.9979548454285 297.565328925848 48.526549339294434 41.87676876783371
0 481.9220495223999 331.45513504743576 40.14452934265137 51.92035138607025
