0 701.7567729949951 538.858151435852 93.91729354858398 184.18270111083984
0 1012.9438781738281 499.9226152896881 117.31170654296875 138.51513147354126
0 549.8569631576538 434.9901330471039 82.40389823913574 124.95856046676636
0 192.36470699310303 296.80366337299347 62.653608322143555 56.078091859817505
0 769.0052938461304 376.3929346203804 50.78051567077637 83.07458460330963
0 1256.5334177017212 524.8088452219963 46.93310737609863 77.87353456020355
0 709.283766746521 305.55201798677444 48.78283500671387 52.08786070346832
0 259.3831777572632 291.3225209712982 49.93487358093262 52.6784348487854
0 501.76477909088135 348.449589908123 62.65271186828613 67.5786155462265
0 538.9992833137512 314.1299369931221 52.976136207580566 53.942747712135315
0 794.6579432487488 288.0619418621063 32.818846702575684 45.03765821456909
0 419.2140865325928 327.586185336113 83.52712631225586 79.66927886009216
0 740.3680562973022 289.8740516602993 41.13726615905762 39.289123713970184
0 364.57212924957275 300.53942799568176 47.62097358703613 63.65905523300171
0 759.2806243896484 277.10942298173904 36.6748046875 45.9734970331192
0 407.82500445842743 280.21430253982544 18.26544165611267 25.157532691955566
