0 1016.6542673110962 584.3788647651672 115.20092964172363 270.9779119491577
0 1195.7802438735962 431.84776425361633 73.03479194641113 186.90115213394165
0 508.81957054138184 586.3067615032196 117.95751571655273 265.50820112228394
0 1116.0540461540222 417.98842549324036 65.75463771820068 189.56344842910767
0 755.238983631134 500.4536819458008 65.37939548492432 241.08707427978516
0 378.0280303955078 268.3442187309265 55.018768310546875 76.95420742034912
0 679.7452163696289 564.9453806877136 99.19342041015625 283.7290906906128
0 670.2510833740234 290.63348829746246 45.12237548828125 92.31834053993225
0 534.2851567268372 240.08718699216843 22.048096656799316 57.2954124212265
0 814.4689321517944 288.825523853302 48.39556694030762 101.17944717407227
0 582.8457260131836 303.22772562503815 72.84149169921875 122.71467804908752
0 629.2075347900391 529.5317459106445 66.4862060546875 226.23682022094727
0 586.1070251464844 242.2502665221691 28.49212646484375 40.836425721645355
0 784.8237299919128 292.1403104066849 38.966612815856934 98.91756176948547
0 455.78752994537354 261.41157746315 61.51669502258301 61.68379068374634
0 439.98834252357483 244.12769883871078 36.15100145339966 51.60099685192108
0 489.67549085617065 244.64785158634186 29.237608909606934 53.306533098220825
0 472.1962594985962 251.5051817893982 55.44308662414551 61.521806716918945
