0 998.281888961792 605.5035889148712 153.77660751342773 228.9928650856018
0 463.20481300354004 594.0470373630524 130.85870742797852 251.90553903579712
0 1139.6968698501587 446.46138310432434 66.93432807922363 207.6218819618225
0 720.6093454360962 529.3752121925354 67.40551948547363 245.95431804656982
0 636.9932079315186 590.0586032867432 113.19005966186523 259.84734535217285
0 1245.0523233413696 472.57102489471436 69.88903999328613 231.64823055267334
0 344.4815182685852 276.554152071476 57.61282444000244 71.4390116930008
0 647.6833271980286 303.9935714006424 45.802674293518066 97.2689688205719
0 505.3215181827545 249.51387763023376 19.882690906524658 62.3923659324646
0 558.5174417495728 319.39030945301056 83.02594184875488 130.61848282814026
0 788.4554147720337 300.41776835918427 50.75512886047363 107.49721884727478
0 757.4216306209564 304.9191051721573 36.13232374191284 103.45821976661682
0 586.4079356193542 558.6122024059296 70.51446437835693 224.16467428207397
0 562.9870915412903 249.7749102115631 28.907532691955566 38.75073194503784
0 409.11166429519653 269.1895544528961 39.44052219390869 58.38767766952515
0 442.7689743041992 270.7498088479042 42.78289794921875 62.82508671283722
0 464.0885543823242 248.83009403944016 23.324737548828125 56.90449655056
0 422.27872490882874 235.41883036494255 16.663544178009033 23.58149617910385
0 447.76145935058594 231.0054887831211 19.068603515625 23.247802555561066
0 772.9885256290436 264.60098683834076 27.506897449493408 37.71201968193054
