0 455.68570137023926 423.4231013059616 84.25333023071289 143.89007449150085
0 632.5569677352905 529.1733384132385 54.76946830749512 194.86257076263428
0 635.0607228279114 358.11529219150543 57.505860328674316 99.99297738075256
0 1259.9281764030457 273.10265600681305 40.143675804138184 80.08064389228821
0 694.8866415023804 427.50270903110504 56.61730766296387 159.6610128879547
0 740.65673828125 395.6430548429489 44.72808837890625 126.26916289329529
0 1123.54257106781 251.9148275256157 43.73400688171387 54.91991937160492
0 540.3650665283203 317.32882261276245 62.74932861328125 101.45946979522705
0 1114.0128636360168 316.643089056015 52.148804664611816 75.73049783706665
0 278.82047176361084 226.46385043859482 40.64242362976074 47.426621317863464
0 532.2574925422668 227.10235029459 26.595520973205566 45.88940441608429
0 341.0270845890045 241.09635472297668 27.278168201446533 61.40750169754028
0 558.3400726318359 232.94170439243317 25.05462646484375 48.64923119544983
0 54.8927640914917 220.5047544836998 50.935325622558594 49.96605098247528
0 520.2522277832031 273.6155238747597 43.778228759765625 59.41061317920685
0 420.5058741569519 252.07497417926788 28.823790550231934 54.039398431777954
0 516.7989957332611 295.0625020265579 37.82437086105347 74.5703136920929
0 15.941973570734262 223.43263640999794 31.258976459503174 44.26454097032547
0 9.957107305526733 255.97960397601128 19.914214611053467 42.30367988348007
0 437.1480631828308 238.93444329500198 22.89926052093506 51.75801336765289
0 546.7749786376953 206.11937753856182 14.7821044921875 22.0893095433712
0 522.7235174179077 255.93795865774155 41.84847831726074 41.92041099071503
0 14.257378578186035 244.42705482244492 28.51475715637207 51.19287192821503
