0 43.969562370330095 459.68670129776 87.47598648071289 133.33767414093018
0 433.4809184074402 543.8761782646179 64.33907985687256 186.3316011428833
0 330.228066444397 486.99761867523193 76.88504219055176 162.21545219421387
0 207.3335361480713 570.5411446094513 81.44044876098633 199.6989369392395
0 312.07362174987793 385.75118601322174 87.15169906616211 83.21496605873108
0 388.4363865852356 497.0938128232956 55.01547336578369 178.77188086509705
0 540.8622670173645 497.98648953437805 62.47213840484619 190.45385599136353
0 225.8979034423828 418.46542954444885 62.95097351074219 126.69650316238403
0 137.3779273033142 417.9287838935852 54.40804958343506 119.12814617156982
0 173.8505244255066 403.2098776102066 45.043578147888184 109.52108502388
0 499.82017517089844 511.2577646970749 50.338897705078125 172.64743208885193
0 224.8524284362793 360.8206057548523 28.4906005859375 48.552703857421875
0 535.1774287223816 425.9542992711067 22.998290061950684 45.14630377292633
