0 805.7100677490234 474.7122859954834 87.39044189453125 121.50827407836914
0 1041.7956256866455 545.4030364751816 131.76660537719727 159.0846812725067
0 842.6104736328125 422.5756895542145 75.421142578125 97.71456956863403
0 1194.031171798706 563.2771915197372 142.50158309936523 167.1486461162567
0 38.880953788757324 450.86852610111237 77.76190757751465 123.3733856678009
0 143.56677770614624 354.0439671278 74.82865810394287 71.98657393455505
0 1238.775224685669 507.1507877111435 82.39343643188477 93.00466418266296
0 325.2621078491211 324.1402333974838 48.913421630859375 64.62783694267273
0 551.4379119873047 336.0463660955429 55.68817138671875 81.03244185447693
0 640.1898884773254 364.4547227025032 71.65075778961182 75.04611074924469
0 70.95032930374146 357.0080977678299 66.85200691223145 71.54748558998108
0 464.72272396087646 328.1814104318619 42.82534599304199 63.74466061592102
0 513.6417078971863 341.69385373592377 45.800719261169434 54.961241483688354
0 715.0624394416809 329.1641503572464 53.700623512268066 69.37609791755676
0 404.5768976211548 319.14343625307083 53.66284370422363 54.11007463932037
0 676.0933375358582 318.14166873693466 30.265135765075684 59.51501548290253
0 614.2880320549011 330.85317224264145 40.244994163513184 52.72640883922577
0 490.05226135253906 308.72516110539436 20.00732421875 27.462829649448395
0 699.7380983829498 306.666419506073 28.315002918243408 30.719361305236816
0 6.999635696411133 416.23371094465256 13.999271392822266 46.890286803245544
0 6.685699820518494 398.685927093029 13.371399641036987 40.41427552700043
