0 867.4565267562866 490.0462335348129 107.54229545593262 137.9181468486786
0 349.7472381591797 327.42972135543823 54.9481201171875 62.563233375549316
0 1090.5420970916748 541.6181927919388 125.90917587280273 150.9214746952057
0 853.3936452865601 416.5335336327553 78.64916801452637 80.03744423389435
0 213.7058138847351 374.985348880291 63.48947048187256 77.24413812160492
0 627.9229807853699 373.86310189962387 64.54553127288818 68.30566585063934
0 1197.9945659637451 547.9123771190643 122.80187606811523 148.14889669418335
0 1219.7863149642944 494.88409101963043 108.21032524108887 89.1821300983429
0 130.65861463546753 461.1651188135147 71.57498836517334 120.88549733161926
0 507.00183153152466 342.1461868286133 48.93301486968994 75.21399021148682
0 545.3159952163696 344.30497348308563 51.33160591125488 80.58590769767761
0 46.41050428152084 439.6593600511551 86.76945686340332 108.98975014686584
0 163.33210468292236 371.69841170310974 43.72057914733887 42.64559984207153
0 569.9824070930481 352.04383850097656 32.034058570861816 54.42056179046631
0 472.9061198234558 341.15560948848724 46.91110134124756 66.45843386650085
0 434.78926062583923 323.2805263996124 38.49957227706909 42.06860303878784
0 675.0906372070312 338.6854116618633 39.86785888671875 41.04574531316757
0 70.07885217666626 403.2402455806732 42.49096393585205 56.38335943222046
0 638.938148021698 318.27913731336594 50.676207542419434 42.390655875205994
0 136.47840857505798 341.0370934009552 17.748382091522217 25.674469470977783
0 630.3871083259583 330.3204734623432 36.667542457580566 40.01116901636124
