0 1009.6616363525391 421.8716847896576 79.27581787109375 168.06753873825073
0 690.1940298080444 419.19326305389404 91.59930229187012 170.71951389312744
0 1125.6055450439453 351.7446595430374 48.5467529296875 136.72735333442688
0 1081.4980459213257 362.78191208839417 47.85204887390137 94.9798321723938
0 762.2544550895691 253.70631515979767 29.750914573669434 65.13807892799377
0 824.6696329116821 424.1771399974823 133.10345649719238 211.16634607315063
0 887.5367879867554 249.86253798007965 41.31152153015137 71.63928151130676
0 692.2638857364655 267.6416891813278 36.11529588699341 78.46438765525818
0 922.1396481990814 258.31855595111847 37.32037305831909 56.17787003517151
0 764.8585057258606 412.59775936603546 63.297181129455566 123.03585648536682
0 665.7933044433594 245.70304602384567 40.5230712890625 50.17747342586517
0 498.31820726394653 231.32207930088043 39.96695041656494 52.716017961502075
0 736.7001342773438 236.54673278331757 24.62799072265625 55.13170123100281
0 622.6629948616028 217.86935403943062 22.836365699768066 34.96453911066055
0 791.4344167709351 434.93401050567627 95.65905570983887 189.22293663024902
0 665.4893183708191 209.84907299280167 25.640807151794434 32.02693283557892
0 582.4341428279877 218.15869197249413 23.487060070037842 40.61825484037399
0 561.9680178165436 218.790562748909 26.802246570587158 49.85819935798645
0 908.302001953125 221.21111154556274 23.1414794921875 25.852417945861816
0 527.1060800552368 231.33425116539001 50.18368721008301 54.96084451675415
0 15.690091848373413 239.6448129415512 31.380183696746826 51.121519804000854
0 632.0195996761322 197.71053962409496 14.930541515350342 19.57098349928856
0 1091.1478579044342 300.25367617607117 19.957764148712158 37.83358812332153
0 876.4037322998047 340.71907192468643 33.7701416015625 45.87198078632355
