0 24.006881713867188 487.3368161916733 48.013763427734375 90.28863787651062
0 164.99880075454712 437.3689466714859 66.15217685699463 113.57040524482727
0 328.72430086135864 355.1114648580551 43.377137184143066 58.98086428642273
0 755.4225766658783 377.4028480052948 36.05755567550659 99.99380350112915
0 413.3126449584961 312.99309343099594 30.464324951171875 53.34005534648895
0 199.50610399246216 482.1574544906616 71.57331943511963 139.08966064453125
0 657.4082636833191 393.6845675110817 32.436461448669434 62.39636242389679
0 382.14454650878906 328.04702907800674 38.193206787109375 63.64172279834747
0 572.5302505493164 433.26332688331604 45.02410888671875 88.11569452285767
0 244.36134815216064 406.1453863978386 52.674760818481445 51.963223814964294
0 671.4839935302734 344.4986021518707 32.2760009765625 47.53863573074341
0 625.439201593399 344.79862198233604 24.940063953399658 29.71786469221115
0 261.26054763793945 368.4172546863556 23.684768676757812 33.56655836105347
0 557.5717389583588 387.5013354420662 36.99200391769409 51.2240606546402
0 583.8444745540619 356.94218650460243 39.88232374191284 44.64425593614578
0 601.4638519287109 359.52669471502304 49.07958984375 52.653624415397644
