0 512.6984477043152 381.821728348732 66.76446437835693 130.08920788764954
0 356.5969920158386 216.41858875751495 41.15945339202881 46.72842621803284
0 1246.8162679672241 322.2439706325531 52.49194145202637 100.0335431098938
0 416.4454197883606 234.7659257054329 30.321412086486816 62.66949713230133
0 566.9191431999207 434.9189633131027 49.184203147888184 139.10900473594666
0 711.1273646354675 341.6984510421753 43.748106956481934 105.28219699859619
0 492.9278337955475 236.45011693239212 28.089020252227783 65.80845415592194
0 652.924370765686 404.8116338253021 57.64477729797363 88.67947340011597
0 606.8735885620117 224.4372323155403 32.8277587890625 51.04214251041412
0 634.3018794059753 224.4971850514412 28.407835960388184 37.76718199253082
0 630.8476102352142 275.6781157851219 38.04974317550659 65.38107097148895
0 660.8089375495911 306.5068334341049 53.819642066955566 104.49537634849548
0 674.5532083511353 363.62980127334595 52.31610298156738 58.55712890625
0 187.38895416259766 208.43739688396454 27.808074951171875 43.14085364341736
0 93.49558115005493 224.960018992424 25.623154640197754 49.828351736068726
0 125.31038880348206 227.50426054000854 38.512985706329346 48.198180198669434
0 157.04102754592896 215.74533820152283 28.975205421447754 37.24697828292847
