0 780.4786992073059 358.88243079185486 51.774659156799316 86.69296503067017
0 859.0508115291595 294.03903007507324 34.89758253097534 97.9442310333252
0 829.2206883430481 287.57042169570923 39.432435035705566 96.47502422332764
0 546.0106348991394 235.04800826311111 23.684630393981934 62.234678864479065
0 497.5571596622467 218.5801461338997 28.872406482696533 54.03677523136139
0 617.2724843025208 228.2164715230465 27.088074684143066 43.95773380994797
0 762.9788517951965 223.0882716178894 35.073609352111816 59.38865661621094
0 687.7173471450806 342.30540812015533 40.04376411437988 99.38748478889465
0 295.54775953292847 223.75508219003677 31.986937522888184 39.425795674324036
0 628.4430980682373 385.40270268917084 124.46844100952148 153.41110110282898
0 422.31775641441345 194.35915902256966 27.427337169647217 42.1634379029274
0 577.5077211856842 222.5111635029316 21.505310535430908 32.24108844995499
0 734.1558527946472 223.1633734703064 27.059264183044434 51.37232780456543
0 329.18262481689453 217.8074325621128 31.580963134765625 43.319351971149445
0 405.4068374633789 197.4689483642578 25.7281494140625 41.83810472488403
0 365.7946705818176 205.11886462569237 29.811768531799316 39.42439287900925
0 374.22796607017517 184.21649426221848 15.142486095428467 17.36437976360321
0 343.1769871711731 203.23416754603386 27.77487277984619 36.0218819975853
