0 1232.951021194458 508.1269884109497 87.62048721313477 231.77959442138672
0 641.8318033218384 604.3450677394867 78.71685981750488 229.88065481185913
0 927.2632884979248 660.5859643220901 83.16717147827148 117.77984261512756
0 354.87256050109863 644.3683630228043 91.94067001342773 150.15539288520813
0 605.3921437263489 339.5226323604584 49.725098609924316 112.72927522659302
0 268.00376892089844 308.120581805706 68.71902465820312 85.99358975887299
0 1260.1006162166595 305.23297995328903 39.79870557785034 77.24499642848969
0 491.684365272522 361.6616177558899 57.27154731750488 160.7761573791504
0 532.6633071899414 630.7732701301575 103.78692626953125 178.04052829742432
0 455.10427832603455 273.2840672135353 26.069610118865967 69.48846638202667
0 535.7580721378326 326.0290288925171 36.66918992996216 90.48035144805908
0 724.2163372039795 344.23239827156067 81.55431747436523 126.31494283676147
0 509.0120458602905 268.53571236133575 40.60885429382324 55.54405331611633
0 343.29943895339966 292.7394327521324 44.58212375640869 59.76379573345184
0 480.1247787475586 623.2495558261871 77.28179931640625 190.57324647903442
0 403.5654139518738 280.6574276089668 47.97494411468506 84.23342764377594
0 373.55908155441284 279.3705305457115 39.193968772888184 66.5677660703659
0 720.3854215145111 291.74094691872597 22.013671398162842 38.18313628435135
0 391.8747854232788 292.7799153327942 57.99441337585449 63.95120143890381
