0 923.7041473388672 389.18140411376953 74.610595703125 152.89810180664062
0 675.9721851348877 403.70633840560913 85.19342422485352 146.5539264678955
0 1040.7128286361694 325.8138620853424 41.27062797546387 124.58764314651489
0 766.277265548706 396.0215950012207 136.22869491577148 190.89736461639404
0 723.9317011833191 247.4884530901909 26.818175315856934 65.8299869298935
0 845.3717958927155 234.46674406528473 33.92199754714966 56.96287751197815
0 621.0764384269714 235.79649746418 35.652403831481934 45.19081234931946
0 1001.9954681396484 335.4997318983078 44.7509765625 90.22851347923279
0 653.6964106559753 263.7570860981941 26.006407737731934 55.80123960971832
0 875.9143376350403 243.64989817142487 38.814454078674316 51.09484791755676
0 564.9351572990417 210.96045166254044 20.596861839294434 32.221038937568665
0 450.842422246933 230.38639470934868 39.81579542160034 39.98762458562851
0 528.5227358341217 212.95721545815468 21.021912097930908 34.87693816423416
0 603.1171572208405 204.16592806577682 24.347717761993408 32.38142430782318
0 475.2526092529297 221.7154097557068 40.47454833984375 46.791887283325195
0 1019.6231079101562 283.04412692785263 33.52447509765625 37.16058433055878
0 681.2173765897751 231.72191083431244 19.20690894126892 49.83903765678406
0 861.8575739860535 216.43897086381912 20.349974632263184 30.88128626346588
0 509.1873013973236 213.6239656805992 29.209411144256592 48.75184714794159
0 489.7475814819336 218.67229744791985 28.892669677734375 40.43405145406723
0 737.7331233024597 357.7766042947769 35.497069358825684 42.781158685684204
0 607.7276003360748 197.43862196803093 28.502075672149658 36.77217096090317
0 822.2949373722076 318.5278545320034 24.039185047149658 38.742768466472626
0 671.5354156494141 235.20068764686584 33.60809326171875 44.20269727706909
