0 474.2879343032837 511.0099822282791 62.21463203430176 171.84665322303772
0 247.60847568511963 413.5145169496536 77.40681648254395 113.2948887348175
0 132.2002077102661 614.1637980937958 114.73299980163574 209.73456144332886
0 329.09831047058105 572.187591791153 92.88290023803711 262.41645097732544
0 414.20963287353516 543.360555768013 60.771942138671875 159.6738874912262
0 150.77465057373047 472.6953774690628 59.96875762939453 136.93811058998108
0 66.3730788230896 457.98471093177795 56.377315521240234 87.56826639175415
0 10.441205501556396 464.3096950650215 20.882411003112793 23.477874398231506
0 107.83990383148193 440.32642006874084 44.44806098937988 125.55855989456177
0 362.2207188606262 501.96620911359787 40.698914527893066 77.59295403957367
0 139.00723934173584 412.3056721687317 42.13414192199707 73.91168117523193
0 126.53329849243164 454.0264570713043 69.52190399169922 96.29364252090454
