0 489.4376826286316 234.7804096341133 24.87832546234131 65.32093584537506
0 563.7077641487122 235.62891840934753 26.058106422424316 53.16453695297241
0 436.4586329460144 217.68437951803207 37.185912132263184 50.129730105400085
0 562.653489112854 371.94193482398987 67.49890327453613 136.78967714309692
0 626.5585708618164 381.87605917453766 74.11651611328125 154.60086464881897
0 208.09499740600586 217.90132999420166 27.585983276367188 53.02594184875488
0 759.7223520278931 327.1477943658829 70.01019477844238 160.81762433052063
0 677.2990870475769 224.40307706594467 30.111937522888184 53.47416579723358
0 706.097686290741 213.8735143840313 33.250670433044434 44.28945869207382
0 306.74489974975586 197.40410059690475 31.59210205078125 45.24577081203461
0 537.3050463199615 220.96901938319206 23.476440906524658 33.35495084524155
0 647.9541540145874 327.75158643722534 53.14074516296387 73.89996528625488
0 242.68426179885864 214.64889138936996 32.146363258361816 41.85839831829071
0 263.012672662735 204.82460886240005 35.448715686798096 42.10165321826935
0 271.779705286026 202.27515310049057 21.365997791290283 45.29209792613983
0 247.08077669143677 225.63734382390976 28.62898349761963 47.07874953746796
0 234.72451448440552 211.65525913238525 22.193589210510254 41.768431663513184
