0 195.69801330566406 467.4418902397156 73.27163696289062 128.2106637954712
0 893.9399576187134 467.7045965194702 125.08404731750488 179.48046684265137
0 1108.40567111969 526.7921483516693 119.91772651672363 129.13242101669312
0 1205.5927753448486 531.7366719245911 115.30176162719727 114.71353054046631
0 212.70429134368896 371.15823090076447 61.720685958862305 78.40887665748596
0 392.49345302581787 332.83732295036316 73.04644584655762 65.11581659317017
0 263.16876888275146 373.6593210697174 53.88689994812012 77.18459844589233
0 62.58169412612915 403.8018438220024 42.894062995910645 73.53097379207611
0 109.26334857940674 423.7714183330536 56.53183937072754 131.1468243598938
0 634.2060995101929 373.48984837532043 60.38531303405762 73.78265619277954
0 1213.7011432647705 488.56563806533813 104.74817276000977 84.60318088531494
0 553.4708547592163 355.30792862176895 56.35760307312012 73.08996498584747
0 516.3854360580444 353.3636838197708 45.63448905944824 86.86697602272034
0 667.1621251106262 329.2591407895088 49.222474098205566 54.56210196018219
0 450.89789628982544 328.7752729654312 36.860108375549316 55.17901539802551
0 485.33459424972534 340.26191890239716 37.42715358734131 52.70608305931091
0 624.3870997428894 318.4508764743805 44.119505882263184 47.741239070892334
0 1173.1541585922241 475.0610080361366 62.73119926452637 55.87713539600372
