0 844.9214315414429 371.43459498882294 69.91900444030762 127.90329337120056
0 563.8129651546478 221.66681349277496 24.642760753631592 53.37476849555969
0 610.9035491943359 245.34062057733536 32.327880859375 71.60539448261261
0 711.6627979278564 378.265585899353 106.62195205688477 163.77508163452148
0 937.2161722183228 304.1607642173767 66.94287300109863 110.04597187042236
0 647.0783138275146 379.90917921066284 84.96435165405273 148.7858247756958
0 827.0833587646484 238.12328696250916 32.84332275390625 51.28021001815796
0 526.6204452514648 203.28133553266525 27.63946533203125 30.866212248802185
0 629.0450060367584 231.49151980876923 18.368103504180908 43.72016787528992
0 493.8424986600876 203.70547860860825 18.33258032798767 28.43838393688202
0 389.2582392692566 226.63217917084694 41.52169704437256 41.209976971149445
0 679.0748906135559 239.9952918291092 27.405152320861816 59.587236642837524
0 412.65692114830017 228.34673166275024 23.868682384490967 37.269744873046875
0 497.8330308198929 185.08183792233467 11.814056634902954 13.80819708108902
0 801.7981112003326 210.05188152194023 36.73693895339966 27.466858327388763
0 459.8561704158783 209.15799111127853 20.949981212615967 36.38847291469574
0 535.8666455745697 185.16801729798317 14.367187023162842 20.090499222278595
0 438.69551062583923 214.41022172570229 31.675536632537842 32.71447688341141
