0 170.2995252609253 484.84271585941315 70.31252861022949 141.26917004585266
0 1161.2974691390991 531.3674765825272 117.21850395202637 155.98291039466858
0 938.0774235725403 420.1829794049263 77.97308444976807 83.8807064294815
0 1225.1146841049194 529.9372744560242 109.60803031921387 123.62061023712158
0 193.97890448570251 421.80539667606354 38.05660963058472 103.53387951850891
0 391.39764308929443 384.1768956184387 43.26846122741699 99.26992893218994
0 324.1077947616577 447.24094569683075 50.86184501647949 115.26317954063416
0 710.4243922233582 336.7589592933655 65.12261867523193 61.84182643890381
0 681.3005685806274 370.52842408418655 51.52874946594238 72.76687681674957
0 488.67809295654297 326.34699672460556 44.439697265625 62.991973757743835
0 343.0098867416382 370.4002922773361 43.22176933288574 70.5336320400238
0 262.3627018928528 432.2548645734787 59.83442783355713 113.65265250205994
0 1239.546570777893 479.2710515856743 80.62756538391113 82.60473668575287
0 600.1313924789429 363.05691093206406 65.33160209655762 58.04949939250946
0 665.6369173526764 318.8265708088875 38.02844285964966 46.26690924167633
0 549.1526412963867 364.9444779753685 29.9969482421875 53.86370837688446
0 577.9753041267395 359.60819363594055 30.268616676330566 52.3818039894104
0 570.6956022977829 324.35726433992386 19.99487280845642 25.235472321510315
0 538.25679063797 330.28292790055275 22.457947731018066 29.767029583454132
