0 143.9862585067749 374.55847799777985 110.51186561584473 119.5900547504425
0 371.1816716194153 470.9879422187805 71.93289279937744 193.40731143951416
0 659.7955083847046 402.42007434368134 53.66656303405762 150.79137682914734
0 615.572190284729 412.7706116437912 45.06970405578613 130.46847224235535
0 514.8313593864441 678.3380600810051 51.92391872406006 83.11718881130219
0 248.42957258224487 352.1706345677376 48.520140647888184 71.69412195682526
0 545.1007914543152 426.1707293987274 55.842223167419434 149.2358136177063
0 420.81974744796753 373.070313334465 48.267760276794434 139.23925280570984
0 336.20808839797974 350.1569527387619 43.81124973297119 63.60241770744324
0 467.2624206542969 398.2263708114624 37.342071533203125 119.98327732086182
0 509.8004913330078 406.25382006168365 40.38970947265625 117.90292382240295
0 413.5636901855469 317.50254929065704 53.77960205078125 50.729767084121704
0 377.00984954833984 326.0401386022568 31.9708251953125 98.74429106712341
0 286.0366749763489 335.95095187425613 47.57620334625244 84.87655699253082
0 313.85324478149414 325.4790486395359 41.73431396484375 44.16165143251419
0 346.54029846191406 307.93448746204376 19.023284912109375 38.87118458747864
0 384.6223306655884 315.5659729242325 45.90237617492676 46.24987721443176
0 328.41849088668823 297.75417387485504 27.172484397888184 40.14855980873108
0 295.87509512901306 297.02538818120956 27.158019542694092 30.217224955558777
