0 273.25613737106323 398.50606083869934 53.239684104919434 92.50713586807251
0 636.578323841095 401.0703331232071 53.325562477111816 98.41253399848938
0 182.09928035736084 481.8811172246933 69.48542594909668 107.9056441783905
0 378.261399269104 348.30625265836716 44.78253364562988 58.1777948141098
0 451.08357191085815 465.68481266498566 61.039061546325684 130.29138207435608
0 546.9805765151978 416.28208458423615 65.16461372375488 93.0033552646637
0 323.58811140060425 353.4219092130661 28.80563259124756 54.21460032463074
0 524.3785321712494 378.57459113001823 28.294951915740967 34.6870431303978
0 156.87769412994385 426.1372983455658 76.4675235748291 109.41848516464233
0 498.00115942955017 361.337723582983 21.535003185272217 25.058502852916718
0 479.8078680038452 385.09365051984787 44.56057548522949 58.97958219051361
0 148.64487409591675 468.2725328207016 63.06291103363037 83.81863474845886
0 524.7213363647461 395.9600919485092 44.043426513671875 37.57580637931824
