0 1034.6285390853882 482.3462390899658 73.11724662780762 223.98015975952148
0 1102.6214456558228 371.88080728054047 50.89795112609863 142.83199667930603
0 639.2591571807861 466.005642414093 92.25244522094727 211.61826610565186
0 1153.74502658844 373.54660391807556 55.99560737609863 156.87942266464233
0 764.2022228240967 472.70514607429504 105.64245223999023 220.5572533607483
0 897.5820922851562 259.10526126623154 44.36126708984375 82.62960612773895
0 739.5409536361694 258.87626230716705 40.01605033874512 82.88717865943909
0 838.8751673698425 417.5072693824768 66.64147853851318 163.8737440109253
0 864.9256896972656 262.34761476516724 34.89776611328125 81.32586479187012
0 477.67178297042847 241.89509242773056 40.78317165374756 59.99729812145233
0 677.0172429084778 280.7582947611809 44.373230934143066 81.72655999660492
0 613.2074582576752 221.24766200780869 22.292602062225342 49.04113948345184
0 654.1206288337708 259.00969684123993 51.485047340393066 55.53295969963074
0 570.8251798152924 227.79448360204697 33.76934766769409 50.09561240673065
0 661.4168858528137 220.19683554768562 33.379273414611816 34.372757971286774
0 521.6422581672668 236.44720673561096 38.149170875549316 65.58960199356079
0 544.6783602237701 229.61111426353455 30.670349597930908 56.50901556015015
0 671.0049897432327 201.05659671127796 16.22735619544983 20.132812410593033
0 667.0742952823639 237.50731229782104 35.82873582839966 37.582855224609375
