0 194.95396614074707 339.89650815725327 77.17559814453125 85.26538074016571
0 569.3473362922668 659.3347245454788 74.15991306304932 120.89807152748108
0 670.9115743637085 388.95735919475555 92.80627250671387 140.71112036705017
0 568.061203956604 394.21446204185486 51.95111274719238 130.86740255355835
0 412.8274607658386 430.01148104667664 59.391112327575684 160.14352083206177
0 402.7107846736908 307.4449896812439 26.743285655975342 85.63387870788574
0 492.5369417667389 385.457481443882 37.73852586746216 87.51226723194122
0 358.80364894866943 324.7430491447449 48.78527641296387 74.08587455749512
0 290.18306016921997 331.03711545467377 57.90426731109619 69.12515044212341
0 450.19885301589966 309.777350127697 56.362366676330566 66.93728864192963
0 331.44675493240356 324.26195204257965 59.87692356109619 75.18786549568176
0 438.2722854614258 362.1968847513199 66.72576904296875 120.15151619911194
0 543.338485956192 362.4758103489876 31.435425281524658 71.8252283334732
0 316.1204409599304 308.7879663705826 43.80105495452881 61.227418184280396
0 367.7919316291809 289.061366468668 22.29879856109619 36.174376308918
0 441.69150590896606 329.0902742743492 70.83715915679932 84.87103164196014
