0 232.9880976676941 623.6251616477966 76.1557149887085 191.12739086151123
0 435.65911054611206 494.6431052684784 64.62090969085693 144.37320470809937
0 224.1242790222168 504.53760266304016 65.02281188964844 143.99404764175415
0 205.50318241119385 420.34194588661194 58.56144905090332 90.96304178237915
0 361.02548122406006 510.4467612504959 71.42413139343262 131.97134613990784
0 267.35867261886597 412.8464940190315 69.21624660491943 85.72207510471344
0 44.169272631406784 468.01886558532715 85.92317581176758 121.74679756164551
0 315.9304618835449 461.7266231775284 56.719818115234375 107.06555485725403
0 86.51811122894287 492.26994037628174 116.34954452514648 148.67059707641602
0 126.53800249099731 426.77484065294266 43.58076572418213 49.8672491312027
0 349.75902557373047 431.9961494207382 53.9703369140625 55.71011424064636
0 371.0758972167969 443.6116620898247 52.11090087890625 71.12402379512787
0 55.308955013751984 501.8974721431732 106.9825553894043 121.87097311019897
