0 185.53651332855225 515.7893943786621 72.75189399719238 142.58648872375488
0 289.8875570297241 377.15003103017807 57.27480888366699 79.08831775188446
0 23.832037448883057 505.42666375637054 47.66407489776611 84.66689944267273
0 159.69631671905518 446.07916831970215 66.80865287780762 112.67535209655762
0 366.9650340080261 355.0282573699951 46.60745143890381 81.27960205078125
0 822.7544558048248 368.99963200092316 36.03656053543091 105.16955494880676
0 437.700217962265 316.5988862514496 38.75820875167847 55.02011060714722
0 482.2012400627136 294.1677251458168 31.41427516937256 56.91808998584747
0 671.6340184211731 396.2469381093979 36.981873512268066 85.7114589214325
0 606.4637303352356 377.282218337059 31.342530250549316 93.09826254844666
0 726.3028872013092 321.3289189338684 21.098816394805908 58.07690620422363
0 629.423965215683 333.5791951417923 29.867064952850342 62.993470430374146
0 721.9456934928894 377.24876314401627 29.987425804138184 58.94571125507355
0 659.2196047306061 325.76144367456436 19.820129871368408 57.10211098194122
