0 730.0289011001587 487.64891266822815 68.99945259094238 174.91369485855103
0 806.4934539794922 477.520387172699 51.2799072265625 160.86572170257568
0 483.85826110839844 391.01715087890625 60.647125244140625 112.13715076446533
0 358.0890119075775 310.84563106298447 35.50396680831909 87.20403850078583
0 1013.6311340332031 269.4367575645447 44.0301513671875 71.76222324371338
0 392.2195887565613 353.87361466884613 60.52804470062256 97.67818808555603
0 919.3031764030457 316.80996000766754 36.190428733825684 84.9906313419342
0 230.14232993125916 267.4100562930107 33.86692762374878 54.93867337703705
0 432.8893184661865 572.2852778434753 94.11016464233398 236.35501384735107
0 143.98638248443604 240.41599094867706 45.04202842712402 52.69790768623352
0 858.2419586181641 646.642490029335 82.435302734375 145.29351353645325
0 916.1224365234375 263.2309091091156 36.12762451171875 59.452664852142334
0 324.6946454048157 272.2737917304039 46.886963844299316 52.6781290769577
0 1091.8786311149597 255.1285082101822 65.74059963226318 60.535537004470825
0 378.92350792884827 246.92063480615616 25.145294666290283 41.9396048784256
0 422.4649429321289 249.05277907848358 29.00970458984375 39.82388377189636
0 186.81829452514648 244.91716280579567 29.164886474609375 36.285355389118195
0 324.70452547073364 252.61767357587814 46.835999488830566 31.35673463344574
