0 270.7262325286865 563.508033156395 91.76774978637695 140.10210871696472
0 488.8052439689636 460.8085995912552 49.191527366638184 123.83142113685608
0 253.89771223068237 410.2757576107979 53.01827907562256 86.27297937870026
0 82.61722087860107 442.84212559461594 71.16421699523926 85.09841859340668
0 398.5274052619934 480.81039011478424 67.72634983062744 136.4490044116974
0 274.8154830932617 488.9384436607361 81.66549682617188 142.95526027679443
0 352.2603917121887 443.7886905670166 51.68386936187744 103.32598686218262
0 318.9490580558777 392.49654203653336 58.648009300231934 77.5810557603836
0 117.91489124298096 494.3990296125412 107.24678993225098 173.4704625606537
0 169.98608827590942 433.93585056066513 67.35037326812744 78.02285850048065
0 312.22389698028564 435.25003641843796 45.51999092102051 54.569000601768494
0 411.9338381290436 399.0637041628361 20.391571521759033 28.391356766223907
