0 858.2808208465576 545.5571508407593 125.42974472045898 164.60909843444824
0 1134.0912771224976 536.5497726202011 137.25939750671387 169.56512331962585
0 668.4423065185547 443.6935794353485 94.80072021484375 109.81390714645386
0 800.0059819221497 397.83510625362396 62.151856422424316 97.3107898235321
0 254.9860143661499 308.0195161700249 49.57873344421387 70.44815003871918
0 330.3340220451355 307.1941602230072 53.779845237731934 60.367276668548584
0 416.1272430419922 318.6927580833435 47.42950439453125 68.82479667663574
0 721.9069218635559 332.79046207666397 62.979798316955566 74.6017438173294
0 588.296217918396 355.63812732696533 83.62505912780762 121.46261215209961
0 774.711639881134 309.70555007457733 27.705750465393066 40.15304446220398
0 502.6187586784363 330.53247794508934 55.498290061950684 44.326569736003876
0 737.7207946777344 296.5729370713234 52.04833984375 45.23022472858429
0 1266.2512969970703 510.35601675510406 27.4969482421875 70.62853932380676
0 463.2441484928131 324.28720504045486 32.32577562332153 46.46084368228912
0 460.6883239746094 299.6245814859867 43.39447021484375 41.837463676929474
0 723.247344493866 301.0219480097294 54.886717796325684 36.8620303273201
