0 23.984005451202393 483.68473649024963 47.968010902404785 85.21032571792603
0 706.607666015625 393.408699631691 40.37322998046875 106.43521428108215
0 198.99272203445435 486.0232150554657 68.12620639801025 128.05988073349
0 517.7057194709778 452.0973962545395 51.200623512268066 139.74273562431335
0 424.25944566726685 332.6477041840553 37.949585914611816 61.82824909687042
0 201.91967010498047 385.8863961696625 64.96788024902344 64.88149881362915
0 161.63172960281372 435.353068113327 74.06179904937744 104.80826139450073
0 618.5374522209167 398.4006714820862 39.431700706481934 123.70575428009033
0 344.84750270843506 348.5778397321701 53.58202934265137 67.06817507743835
0 309.3816065788269 392.5693613290787 47.04965114593506 63.80190968513489
0 580.5537259578705 346.5367805957794 30.618712902069092 49.158174991607666
0 539.3883752822876 365.03630608320236 40.66601753234863 43.37255895137787
0 320.4712915420532 370.22627860307693 65.20337104797363 68.79785120487213
0 553.4297102689743 341.00760519504547 16.95257544517517 26.95419430732727
