0 1079.0916299819946 556.3944715261459 149.54968452453613 169.20669436454773
0 833.1638956069946 470.3434878587723 89.65313911437988 114.84915375709534
0 1194.8800659179688 560.5226111412048 139.3499755859375 157.85452365875244
0 338.91590118408203 325.0296002626419 70.8355712890625 68.44110131263733
0 1229.5888376235962 508.7553709745407 100.82226753234863 103.86340498924255
0 105.99902629852295 360.22974729537964 55.24458885192871 67.66522407531738
0 177.04243183135986 368.30844551324844 64.6141529083252 87.22387611865997
0 637.3182535171509 372.2710821032524 62.21234321594238 72.141632437706
0 421.19561672210693 318.7400695681572 48.04629325866699 48.00900399684906
0 840.2650904655457 413.6310079693794 63.446288108825684 83.71359407901764
0 58.34310710430145 439.49097633361816 109.28021430969238 140.09130477905273
0 468.4109950065613 336.95645570755005 46.097350120544434 73.19894313812256
0 512.219215631485 348.36276948451996 38.67617845535278 49.756683111190796
0 689.6741032600403 336.1899635195732 55.247559547424316 75.492462515831
0 552.7160263061523 342.11426854133606 35.78460693359375 39.06796216964722
0 596.6106569766998 355.3314784169197 28.867676258087158 42.5283819437027
0 647.8104090690613 327.3303012549877 29.600768089294434 44.2451485991478
0 32.22774749621749 419.00161385536194 64.19816017150879 140.00940084457397
0 669.8394465446472 312.35340133309364 30.953001976013184 34.160981476306915
0 531.1733549833298 312.72265300154686 19.40344214439392 28.242370784282684
