0 436.4421606063843 465.68439960479736 92.45287895202637 182.48848915100098
0 663.1280589103699 542.4672996997833 58.092894554138184 180.00714540481567
0 591.8388366699219 355.09349405765533 58.01422119140625 98.28018307685852
0 1073.9805150032043 324.89744514226913 51.346802711486816 69.79800403118134
0 756.6864919662476 426.3658654689789 54.11608695983887 148.41574430465698
0 1065.2787780761719 258.3909863233566 47.9498291015625 61.76770091056824
0 699.8553609848022 439.97307658195496 61.57092094421387 169.59073305130005
0 499.0502619743347 318.77930760383606 57.378478050231934 94.75302457809448
0 523.909912109375 229.84665781259537 32.649688720703125 51.9481498003006
0 306.6722369194031 244.9147367477417 32.134032249450684 62.181458473205566
0 397.12305545806885 251.19343131780624 43.96237373352051 64.16776835918427
0 472.1344983577728 290.24010479450226 38.49011182785034 83.3241856098175
0 493.8476026058197 226.7257171869278 22.868773937225342 46.85227990150452
0 1197.487976551056 271.6007128357887 40.886597633361816 70.8842021226883
0 1244.0924072265625 267.79503375291824 53.22265625 62.51895010471344
0 248.75070571899414 229.8531648516655 49.239501953125 55.45756280422211
