0 180.49359798431396 570.4683011770248 89.84644889831543 173.14074397087097
0 173.05416822433472 434.48632299900055 59.34121608734131 109.65978741645813
0 418.1047582626343 511.99459969997406 61.34127616882324 161.40082240104675
0 250.9986424446106 630.3296327590942 77.5503396987915 178.82532119750977
0 242.0140027999878 416.3911458849907 60.82171440124512 87.67218053340912
0 351.0388946533203 533.7841629981995 65.56655883789062 202.81238079071045
0 297.7404475212097 497.3971116542816 54.391722679138184 120.56780576705933
0 78.82565021514893 509.559223651886 113.38808059692383 202.61797428131104
0 34.321868903934956 450.34390211105347 67.97520637512207 90.51888942718506
0 28.81750303786248 473.0926126241684 57.51639366149902 68.45013499259949
