0 460.88613986968994 483.99210691452026 61.36090278625488 141.34301662445068
0 246.9372034072876 602.0145177841187 81.74939155578613 183.09857368469238
0 229.35787200927734 422.4751737713814 63.390960693359375 86.37048304080963
0 59.49279069900513 447.42450535297394 94.7804069519043 95.5027449131012
0 106.0763931274414 499.65003848075867 128.8599967956543 186.65752172470093
0 246.58742427825928 509.7027486562729 61.06127738952637 117.75222659111023
0 374.1645812988281 486.1492735147476 65.36865234375 176.57193303108215
0 285.8581352233887 409.8476046323776 64.81033325195312 104.4669234752655
0 331.49863481521606 456.5055853128433 52.779908180236816 118.64703297615051
0 162.65082597732544 420.2933818101883 31.94105625152588 39.14331078529358
