0 351.5865468978882 411.35001718997955 52.30746269226074 121.63617253303528
0 826.5049886703491 549.3716490268707 88.90460014343262 188.43820810317993
0 491.9727087020874 436.0128915309906 54.66906547546387 115.76403379440308
0 920.629563331604 554.3916177749634 89.45691108703613 164.89336967468262
0 179.17293548583984 285.2929016947746 42.84248352050781 73.242067694664
0 342.9036784172058 257.1586561203003 45.93942165374756 55.75037956237793
0 868.9882969856262 274.9984896183014 42.600464820861816 67.02773809432983
0 784.9129331111908 278.4586572647095 32.28588819503784 69.00903224945068
0 946.3231348991394 257.7810251712799 52.042784690856934 57.901060581207275
0 799.2243647575378 344.5922729372978 46.955504417419434 67.07418859004974
0 612.6771306991577 630.0859701633453 88.86584281921387 179.0464425086975
0 298.3453297615051 338.65179419517517 52.067017555236816 126.81756734848022
0 135.06113529205322 257.95238077640533 44.701948165893555 47.75526165962219
0 288.0434799194336 262.4126650393009 33.695220947265625 44.40118342638016
0 84.08880710601807 256.4255440235138 46.931447982788086 47.23513841629028
0 314.11075949668884 289.9230542778969 37.23995923995972 35.67233383655548
