0 265.3496217727661 386.0235697031021 47.94590950012207 91.7419445514679
0 794.5709836483002 362.05924183130264 32.90814161300659 85.89886486530304
0 194.62371587753296 481.3490045070648 69.74954128265381 107.36352682113647
0 341.4956021308899 362.34478175640106 45.516419410705566 77.62393355369568
0 163.48096132278442 449.11468863487244 65.43280124664307 114.24319982528687
0 403.9623260498047 324.8901602625847 37.288818359375 66.55212342739105
0 29.34762954711914 498.61897587776184 58.69525909423828 88.23980569839478
0 635.0836563110352 411.85580134391785 38.18817138671875 100.06534337997437
0 591.5291213989258 382.8169968724251 30.914306640625 55.9536749124527
0 694.028412103653 377.72191017866135 28.631470203399658 81.93362653255463
0 441.96653723716736 313.12246039509773 33.53924512863159 43.91052156686783
0 612.8236925601959 332.09765017032623 36.31793260574341 59.02032494544983
0 647.1630096435547 326.03807732462883 18.870849609375 41.95312589406967
0 712.3235166072845 322.8333994746208 22.265441417694092 47.11383283138275
0 627.1122050285339 342.72001326084137 51.726012229919434 45.57833790779114
0 183.5928499698639 406.3236393034458 23.05476427078247 28.345244228839874
