0 513.7205815315247 386.1222803592682 65.27334690093994 114.67334032058716
0 413.1761693954468 519.3643927574158 98.00173759460449 187.83947467803955
0 969.5734715461731 314.27736461162567 37.528138160705566 74.68899607658386
0 714.3071436882019 482.98386454582214 64.23547267913818 194.75624799728394
0 786.4350581169128 466.03072106838226 57.401061058044434 162.2125232219696
0 421.37261152267456 347.5207704305649 56.736388206481934 116.93151354789734
0 454.30493116378784 242.8814546763897 28.326659202575684 44.81564372777939
0 388.9151608943939 306.4008727669716 34.86492872238159 59.84478771686554
0 963.4756314754486 258.1903061270714 39.38275098800659 55.83051860332489
0 1072.7320098876953 263.2054254412651 47.3382568359375 65.9185642004013
0 416.76716566085815 241.56610876321793 26.833739280700684 52.095564007759094
0 1167.475677728653 257.82881811261177 34.18444871902466 37.60653644800186
0 342.5899577140808 263.73011112213135 42.342162132263184 55.786728858947754
0 1134.3406677246094 256.2320736050606 52.3876953125 50.85194170475006
0 775.8636474609375 626.0903799533844 68.4161376953125 187.15418100357056
0 255.47079801559448 267.66456842422485 34.09532070159912 50.38149833679199
0 205.71955919265747 231.07772335410118 34.626450538635254 31.46469086408615
0 252.32903718948364 253.64459484815598 34.92018222808838 50.30583322048187
0 168.3793020248413 237.54479885101318 46.87777519226074 51.75590515136719
0 1146.7255401611328 231.76752112805843 21.2481689453125 21.452193707227707
0 444.0785217285156 210.7528292387724 18.470306396484375 13.333313316106796
