0 433.28978061676025 487.4739521741867 56.09280586242676 166.9665563106537
0 692.8047323226929 468.18323135375977 106.48303031921387 125.77285766601562
0 354.73960161209106 386.77697002887726 55.51382541656494 110.42260766029358
0 1063.595290184021 621.9647669792175 158.93420219421387 195.12366771697998
0 1127.432951927185 612.3702478408813 147.06957817077637 187.48229026794434
0 953.0009460449219 671.7181992530823 88.41033935546875 96.56360149383545
0 788.8810110092163 275.90946435928345 42.10192680358887 51.33456230163574
0 845.3940272331238 263.9566585421562 42.205443382263184 57.4023574590683
0 231.9657063484192 307.60970145463943 73.59549045562744 76.04723989963531
0 279.85368251800537 281.76433503627777 52.66451835632324 52.337740659713745
0 92.9340386390686 277.00622498989105 51.48867130279541 58.54668974876404
0 391.3371276855469 296.00196450948715 52.444915771484375 47.5550240278244
0 341.2807273864746 271.1765643954277 49.19219970703125 52.85122811794281
0 715.4009246826172 286.14009618759155 46.522216796875 56.655335426330566
0 150.12982606887817 270.0823760032654 43.663086891174316 41.098480224609375
0 737.9381561279297 344.08681601285934 53.2879638671875 82.78463780879974
0 351.32447719573975 324.7033604979515 44.07641410827637 41.9245308637619
0 345.85187435150146 311.8176019191742 55.41323661804199 54.4197678565979
0 341.1137008666992 295.44418036937714 47.99285888671875 34.938658475875854
0 356.2587881088257 339.31660383939743 50.15719413757324 45.670804381370544
0 346.01688861846924 285.0895567238331 52.16794013977051 42.06228643655777
