0 358.79387855529785 531.2547165155411 94.08914566040039 152.51367688179016
0 547.3958444595337 438.6600708961487 54.70746040344238 117.25815296173096
0 306.6905093193054 384.99800831079483 43.69363307952881 70.38797199726105
0 355.63661098480225 372.8374171257019 44.08007621765137 74.27401542663574
0 223.3674120903015 406.4266240596771 55.648207664489746 74.15374517440796
0 155.81493377685547 489.3791735172272 81.97914123535156 165.67788362503052
0 116.0817813873291 430.3576308488846 63.82007598876953 90.42663216590881
0 469.1217041015625 441.8897670507431 77.3162841796875 120.23324847221375
0 379.9127125740051 438.68461310863495 79.58334445953369 115.58950781822205
0 408.6247777938843 395.8111247420311 51.65362358093262 65.8507364988327
0 141.25521659851074 444.3562164902687 107.55064010620117 77.00543224811554
0 467.2447896003723 389.9694076180458 41.11685276031494 66.41641438007355
