0 119.09543991088867 390.99685192108154 84.72443580627441 111.32901191711426
0 326.36537075042725 493.65320920944214 85.76479911804199 200.20501613616943
0 626.4378809928894 430.33183336257935 57.760558128356934 157.6405906677246
0 516.454017162323 452.44621217250824 59.82827663421631 152.73406863212585
0 581.8332982063293 440.3303897380829 46.821351051330566 139.55947637557983
0 216.15077257156372 363.01772117614746 53.30397129058838 115.26992797851562
0 392.4387502670288 425.0958502292633 53.93649101257324 141.70116662979126
0 466.6249394416809 443.06293845176697 37.65860080718994 130.40374517440796
0 378.7256932258606 359.28510814905167 33.953003883361816 74.53329384326935
0 297.2774386405945 367.4964979290962 60.790038108825684 86.75680696964264
0 405.38299560546875 689.3572613596916 42.966766357421875 61.284608244895935
0 348.33964586257935 351.80391758680344 33.548035621643066 66.30673348903656
0 437.3533630371094 426.28495395183563 37.11883544921875 61.885589361190796
0 252.47193098068237 361.9895848631859 47.373595237731934 67.1800822019577
0 360.8994138240814 310.24042546749115 32.03686475753784 33.933624029159546
0 293.11943769454956 334.1168197989464 53.09518337249756 53.485838770866394
