0 65.19939661026001 483.7721335887909 68.94174098968506 130.63162565231323
0 268.75214099884033 460.6719356775284 54.29631233215332 127.25842595100403
0 131.64928197860718 424.6781927347183 39.19301509857178 104.41475987434387
0 1147.5472402572632 539.4532477855682 125.72802543640137 173.00082921981812
0 905.5935525894165 420.02692848443985 73.90545845031738 87.85601913928986
0 289.25122022628784 373.24536234140396 58.831725120544434 80.59564411640167
0 444.8392176628113 329.85750675201416 50.60678005218506 58.26028347015381
0 339.9634313583374 380.72492480278015 47.92773246765137 90.69979906082153
0 187.86322355270386 389.1071203351021 43.14439296722412 67.80358850955963
0 1221.068024635315 542.782968878746 117.86389350891113 156.88732981681824
0 930.8901691436768 489.97931241989136 85.89380264282227 125.68286418914795
0 692.1495819091797 333.4303379058838 53.2958984375 61.54858589172363
0 190.91609477996826 440.3383880853653 51.369123458862305 111.69354557991028
0 502.9672312736511 331.8382912874222 53.961424827575684 59.544492959976196
0 559.1392207145691 357.1711331605911 53.575072288513184 71.53216481208801
0 1236.5206623077393 488.4117195010185 85.19250869750977 79.46221768856049
0 660.4293966293335 364.6212261915207 52.10955619812012 57.60250926017761
0 641.5733194351196 326.16085410118103 40.36725044250488 52.740232944488525
0 519.4310986995697 346.22726172208786 36.58947706222534 55.962461829185486
0 580.1898646354675 350.35716086626053 44.149718284606934 54.239593148231506
