0 1027.9454517364502 502.45588660240173 82.31103897094727 232.25473165512085
0 591.267294883728 506.88997507095337 101.24163627624512 209.1923475265503
0 1099.1343832015991 385.70429027080536 58.35009574890137 162.4088180065155
0 734.2338275909424 499.62926745414734 116.03021621704102 234.0734839439392
0 1151.8146061897278 395.719975233078 54.839234352111816 166.13634824752808
0 808.8605189323425 425.66702127456665 60.209593772888184 154.83349800109863
0 447.2272801399231 248.38123708963394 50.32797336578369 61.4478474855423
0 715.1350092887878 269.52293157577515 40.894713401794434 84.00627136230469
0 869.9833989143372 268.3925521373749 46.109070777893066 91.00475549697876
0 835.5202031135559 270.2066159248352 34.884400367736816 83.89185905456543
0 501.99068546295166 242.05258637666702 49.09298896789551 69.3963485956192
0 646.3152170181274 294.1224092245102 48.95184516906738 99.30450797080994
0 585.0605320930481 225.37900149822235 20.629639625549316 44.7917640209198
0 542.3208844661713 232.37561613321304 31.316955089569092 55.267608761787415
0 616.5861439704895 268.15409034490585 34.865784645080566 57.73638904094696
0 638.2558131217957 219.5029976963997 37.150206565856934 45.31109869480133
0 638.6467897891998 247.64534890651703 38.32080125808716 47.937716245651245
0 656.5241086483002 251.41604661941528 31.718871593475342 49.755921363830566
