0 771.8406963348389 476.68929398059845 105.49383163452148 129.3626081943512
0 1176.9078540802002 539.9021691083908 116.13550186157227 150.9407651424408
0 999.1177368164062 540.5699372291565 142.89031982421875 148.88976573944092
0 88.19303035736084 364.1792732477188 82.33011245727539 87.72390961647034
0 832.485077381134 406.69703364372253 62.139649391174316 92.58743047714233
0 1248.0563354492188 501.19554340839386 63.8873291015625 90.37170052528381
0 631.1824417114258 355.7602322101593 69.4451904296875 99.35123205184937
0 306.7780923843384 315.8545517921448 44.96640205383301 55.44756889343262
0 20.409980341792107 341.9104716181755 40.1930046081543 43.17755162715912
0 494.2146682739258 330.42890578508377 61.4630126953125 74.08523619174957
0 544.8341226577759 339.74619448184967 69.71600532531738 65.71374535560608
0 451.25738620758057 328.7438240647316 42.03625679016113 69.80917274951935
0 381.44155979156494 311.5328049659729 55.97805976867676 51.398377418518066
0 720.1995229721069 334.956214427948 58.74041557312012 67.70642280578613
0 704.4891357421875 308.67446333169937 36.9989013671875 53.9641410112381
0 731.3460993766785 306.44756332039833 40.468993186950684 38.0979922413826
0 720.9126591682434 296.24043971300125 30.331177711486816 47.32687532901764
