0 772.4751567840576 525.7651787996292 99.49010848999023 154.01275277137756
0 1080.5968761444092 523.3659374713898 146.27721786499023 156.73956155776978
0 784.876389503479 390.65344870090485 61.81530952453613 96.0174286365509
0 597.5297689437866 439.7760683298111 74.21862602233887 129.26617741584778
0 293.63152980804443 297.47178822755814 54.03002738952637 47.196627259254456
0 537.0409846305847 346.31232261657715 60.73129177093506 60.280394554138184
0 226.41039609909058 304.3507182598114 63.768324851989746 64.99337911605835
0 561.9033813476562 317.1716773509979 38.497314453125 55.63650369644165
0 389.91995334625244 304.45023089647293 48.16784858703613 60.18615782260895
0 1264.761871099472 503.2771307229996 30.474975109100342 48.81149411201477
0 714.5903325080872 316.8088898062706 49.319825172424316 56.13946616649628
0 455.07659912109375 325.39648085832596 75.2532958984375 76.82842791080475
0 788.3444213867188 296.6200339794159 34.71893310546875 50.806424617767334
0 742.347366809845 291.9319497048855 43.544983863830566 40.393249690532684
