0 760.08540391922 359.8043757677078 41.594605445861816 97.62005925178528
0 464.64173913002014 212.7678595483303 29.505188465118408 42.37812727689743
0 736.5821075439453 221.7444607615471 27.30682373046875 28.556808829307556
0 517.5400996208191 236.06653690338135 24.08486843109131 61.58635139465332
0 252.33850479125977 217.03911513090134 31.72027587890625 53.43444764614105
0 800.6672525405884 288.3083778619766 66.33282661437988 103.13403725624084
0 709.0419614315033 223.00939857959747 36.49365186691284 61.29676938056946
0 602.0328521728516 379.7464442253113 106.1907958984375 147.467679977417
0 359.2374873161316 202.48738020658493 28.24563503265381 35.222548842430115
0 589.6736598014832 235.78864127397537 24.476866722106934 52.802186608314514
0 555.3030705451965 219.5888350903988 26.286683082580566 35.49873322248459
0 317.69651770591736 202.24899888038635 26.630523204803467 45.95623970031738
0 285.9226107597351 216.3782738149166 30.135436058044434 42.622680366039276
0 365.35066962242126 193.03858816623688 26.071135997772217 42.01522707939148
0 660.6737971305847 359.2970949411392 33.563475608825684 73.69943261146545
0 675.1448976993561 312.72003784775734 26.345398426055908 39.96212750673294
0 605.6157147884369 324.1516488790512 23.059813976287842 54.77700591087341
0 308.5667109489441 203.30013513565063 29.049010276794434 40.72679042816162
