0 1178.5024118423462 465.35556077957153 76.15307807922363 212.22251415252686
0 982.6131296157837 626.3714969158173 143.00641059875488 187.25250005722046
0 684.0683889389038 574.0826797485352 75.72497367858887 279.0055274963379
0 302.51874446868896 289.1553631424904 65.56918144226074 82.06785500049591
0 625.0785064697266 318.1300735473633 49.71435546875 103.97778511047363
0 581.0407161712646 601.2947523593903 120.58874130249023 237.41045236587524
0 400.63658714294434 615.7203269004822 130.8662986755371 207.5934076309204
0 761.4776611328125 314.2043763399124 53.21197509765625 115.30023694038391
0 478.6409533023834 259.24839466810226 23.692505359649658 65.55369794368744
0 541.7611765861511 570.6848788261414 78.86910915374756 194.8496961593628
0 383.7923049926758 281.3309732079506 56.834259033203125 61.19310200214386
0 555.7558822631836 301.3279330730438 45.99212646484375 72.81203985214233
0 727.6256716251373 316.7755204439163 34.08465623855591 105.30190587043762
0 538.7086033821106 258.1289801001549 31.350464820861816 55.101043581962585
0 505.81677198410034 320.46363294124603 35.59792995452881 73.00396800041199
0 523.0514454841614 356.60190403461456 50.50283908843994 96.33538842201233
0 422.1939778327942 270.45846462249756 58.833985328674316 73.02569389343262
0 533.0851292610168 282.67625391483307 34.909424781799316 42.69760251045227
0 415.95221042633057 245.0919570028782 67.23538398742676 38.930785953998566
