0 158.8483166694641 611.2457156181335 78.47033023834229 213.71193408966064
0 26.902525424957275 482.9032105207443 53.80505084991455 121.65215849876404
0 273.7540864944458 403.7853670120239 77.22912788391113 120.90136528015137
0 454.1436696052551 539.9984121322632 52.226319313049316 183.77294540405273
0 500.6975030899048 518.7968909740448 63.29602241516113 207.66175031661987
0 193.63325834274292 440.9710782766342 55.687193870544434 124.2272937297821
0 325.3689384460449 498.4331524372101 71.79153442382812 143.4112572669983
0 372.37380027770996 542.0390474796295 90.39236068725586 230.80972909927368
0 104.05247211456299 427.77173459529877 65.39383888244629 121.54070734977722
0 142.65987873077393 424.13583397865295 52.05136299133301 115.95462083816528
0 163.6310315132141 426.5680691599846 61.989808082580566 73.90704095363617
0 177.36406087875366 393.84968161582947 41.291136741638184 69.78732347488403
