0 545.9240865707397 468.35501074790955 65.70635795593262 155.59256315231323
0 889.752779006958 591.8063628673553 114.51135635375977 234.71163511276245
0 758.1468510627747 316.58023953437805 41.307435035705566 130.17569303512573
0 983.9724731445312 606.2996685504913 130.8966064453125 215.79785585403442
0 363.39884996414185 457.45826840400696 55.53793430328369 172.75616884231567
0 836.5415191650391 271.55053943395615 42.1697998046875 63.167282938957214
0 714.0976428985596 647.5488084554672 86.01770401000977 144.39184069633484
0 184.3088722229004 301.60328328609467 52.62351989746094 77.68161177635193
0 908.3226013183594 257.03369468450546 42.313232421875 55.77258288860321
0 80.31133890151978 264.2247614264488 51.6756010055542 46.98377788066864
0 331.50713443756104 261.3106271624565 49.46103096008301 55.547255873680115
0 292.5634503364563 331.26092433929443 69.83099460601807 186.32018566131592
0 130.89614868164062 263.7911957502365 40.44689178466797 52.533220052719116
0 328.1717252731323 292.11716562509537 48.74407768249512 47.51284897327423
0 328.5943913459778 277.69206181168556 50.000061988830566 34.54586774110794
