0 192.62978315353394 497.22337424755096 72.30729579925537 128.70632529258728
0 25.538370609283447 505.38482666015625 51.076741218566895 92.56711006164551
0 810.0925290584564 360.3844088315964 33.25115919113159 94.5112931728363
0 275.4473114013672 383.113976418972 59.73625183105469 87.00375258922577
0 161.47854566574097 441.1911642551422 61.31661891937256 112.68618822097778
0 353.42507123947144 357.1996718645096 43.427062034606934 78.68078827857971
0 418.98653388023376 315.25846034288406 34.05529737472534 54.441896080970764
0 709.4775080680847 376.73768162727356 30.233702659606934 68.10989141464233
0 463.66477966308594 301.9947852194309 32.079010009765625 38.55883866548538
0 655.7348322868347 399.6624845266342 38.812804222106934 50.020140409469604
0 722.5628662109375 323.90730768442154 21.70806884765625 52.655609250068665
0 600.691055059433 361.4055633544922 32.59930372238159 74.34744358062744
0 471.93323493003845 277.48945981264114 15.234801769256592 20.470367074012756
0 621.0482180118561 333.24739649891853 28.892090320587158 35.04223734140396
0 654.7158360481262 363.40474650263786 20.694947242736816 32.05993741750717
