0 551.5469217300415 376.6605681180954 65.94616889953613 117.21591353416443
0 416.2862014770508 488.53005051612854 98.782958984375 165.59582948684692
0 706.8583059310913 533.1372034549713 66.17083549499512 296.6617798805237
0 451.2112808227539 343.2939201593399 74.05670166015625 118.53081822395325
0 772.0333099365234 446.4697355031967 55.52398681640625 145.75766444206238
0 1010.1427006721497 252.13770031929016 44.928040504455566 50.40954351425171
0 489.44830298423767 233.87213051319122 31.087615489959717 47.47511029243469
0 1021.3336491584778 320.74680984020233 41.905274391174316 77.52188086509705
0 202.36721754074097 232.0317703485489 36.850905418395996 44.74586606025696
0 1129.4767606258392 262.5169265270233 37.19494581222534 68.00367593765259
0 279.08140897750854 252.49313592910767 31.75424098968506 63.42750549316406
0 368.5232615470886 266.96381986141205 41.632933616638184 67.66208052635193
0 231.31219863891602 231.68660759925842 36.674652099609375 45.316007137298584
0 427.0978617668152 297.85703122615814 34.67629909515381 53.15377593040466
0 1234.4305872917175 258.1092765927315 37.049193382263184 43.602080941200256
0 1186.866180896759 263.66651594638824 48.104004859924316 62.89394974708557
0 452.29304552078247 235.02435386180878 21.844239234924316 49.40074324607849
0 477.68729388713837 212.07837894558907 11.782897710800171 13.650847971439362
0 1214.5588225126266 230.52067279815674 19.25756812095642 20.642623901367188
