0 533.484582901001 621.067750453949 80.09775161743164 197.86449909210205
0 467.3681640625 435.8121120929718 51.688079833984375 134.51876878738403
0 783.6521005630493 560.331015586853 78.33111763000488 226.79180145263672
0 877.1080636978149 518.3885246515274 76.02551460266113 145.3299915790558
0 829.7480928897858 297.5889605283737 35.69812059402466 119.6060836315155
0 352.05859422683716 384.3054002523422 62.323365211486816 110.470951795578
0 914.815582036972 263.56317311525345 38.57861280441284 57.37138330936432
0 1046.5406036376953 686.1324897408485 54.4183349609375 67.08593666553497
0 196.72576904296875 289.9758321046829 39.001922607421875 56.896058320999146
0 993.8504648208618 255.16446322202682 58.99456977844238 63.63658368587494
0 155.51992893218994 253.60643908381462 52.46035575866699 44.68850702047348
0 101.7733359336853 249.7952950000763 44.52921390533447 42.16885328292847
0 364.44838762283325 257.51519948244095 31.00759983062744 45.85517942905426
0 312.26298570632935 336.2746489048004 42.13949680328369 101.46292448043823
0 299.4869041442871 286.63322031497955 47.578125 54.37079071998596
0 302.92401790618896 271.5112853050232 50.99963188171387 51.07887268066406
0 350.5508804321289 233.01582992076874 14.643096923828125 24.12922739982605
0 314.1762161254883 251.1759003996849 27.76397705078125 43.471800684928894
